861,0
862,0
862,0
861,0
861,0
862,0
860,0
863,0
862,0
860,0
861,0
863,0
861,0
861,0
860,0
861,0
861,0
863,0
861,0
859,0
861,0
861,0
862,0
861,0
861,0
861,0
861,0
863,0
862,0
860,0
862,0
861,0
862,0
861,0
865,0
862,0
863,0
863,0
862,0
861,0
861,0
863,0
861,0
862,0
862,0
861,0
862,0
863,0
862,0
860,0
862,0
861,0
862,0
862,0
863,0
862,0
862,0
862,0
862,0
862,0
862,0
863,0
862,0
863,0
863,0
862,0
862,0
863,0
862,0
861,0
862,0
862,0
863,0
863,0
863,0
863,0
863,0
868,0
867,0
865,0
866,0
867,0
867,0
867,0
867,0
867,0
868,0
868,0
867,0
867,0
868,0
867,0
868,0
869,0
868,0
869,0
867,0
869,0
867,0
867,0
870,0
870,0
872,0
869,0
872,0
871,0
871,0
873,0
873,0
873,0
874,0
873,0
873,0
872,0
872,0
874,0
875,0
876,0
877,0
878,0
881,0
882,0
886,0
888,0
889,0
892,0
891,0
891,0
890,0
888,0
890,0
890,0
889,0
890,0
891,0
893,0
894,0
894,0
893,0
895,0
893,0
895,0
901,0
904,0
905,0
909,0
907,0
908,0
910,0
914,0
917,0
923,0
928,0
927,0
929,0
932,0
932,0
934,0
935,0
939,0
940,0
945,0
947,0
949,0
948,0
951,0
959,0
976,0
975,0
976,0
978,0
980,0
982,0
985,0
988,0
993,0
999,0
1001,0
1004,0
1008,0
1011,0
1011,0
1011,0
1010,0
1015,0
1020,0
1025,0
1025,0
1028,0
1028,0
1033,0
1041,0
1045,0
1046,0
1048,0
1049,0
1064,0
1066,0
1073,0
1071,0
1072,0
1074,0
1079,0
1079,0
1079,0
1080,0
1090,0
1091,0
1092,0
1096,0
1096,0
1100,0
1103,0
1105,0
1108,0
1109,0
1111,0
1113,0
1113,0
1113,0
1114,0
1118,0
1121,0
1123,0
1130,0
1131,0
1134,0
1136,0
1141,0
1140,0
1141,0
1143,0
1144,0
1149,0
1149,0
1153,0
1155,0
1158,0
1157,0
1160,0
1160,0
1162,0
1165,0
1168,0
1171,0
1172,0
1178,0
1180,0
1180,0
1182,0
1184,0
1182,0
1187,0
1187,0
1189,0
1188,0
1192,0
1190,0
1189,0
1191,0
1198,0
1198,0
1200,0
1201,0
1205,0
1205,0
1215,0
1217,0
1216,0
1218,0
1219,0
1224,0
1226,0
1227,0
1228,0
1228,0
1226,0
1229,0
1234,0
1237,0
1238,0
1239,0
1241,0
1241,0
1244,0
1246,0
1251,0
1253,0
1258,0
1260,0
1261,0
1264,0
1265,0
1267,0
1267,0
1268,0
1271,0
1270,0
1271,0
1280,0
1287,0
1290,0
1291,0
1294,0
1295,0
1302,0
1302,0
1302,0
1300,0
1303,0
1314,0
1314,0
1315,0
1317,0
1322,0
1326,0
1329,0
1328,0
1328,0
1329,0
1330,0
1330,0
1336,0
1345,0
1346,0
1353,0
1357,0
1360,0
1360,0
1360,0
1362,0
1369,0
1375,0
1375,0
1377,0
1378,0
1381,0
1383,0
1382,0
1384,0
1384,0
1388,0
1390,0
1392,0
1394,0
1397,0
1401,0
1399,0
1398,0
1401,0
1402,0
1412,0
1415,0
1418,0
1415,0
1419,0
1423,0
1424,0
1430,0
1434,0
1436,0
1440,0
1439,0
1440,0
1439,0
1439,0
1445,0
1446,0
1447,0
1449,0
1449,0
1453,0
1454,0
1454,0
1454,0
1459,0
1463,0
1470,0
1461,0
1461,0
1471,0
1475,0
1477,0
1479,0
1483,0
1485,0
1489,0
1492,0
1492,0
1492,0
1495,0
1494,0
1495,0
1501,0
1503,0
1505,0
1506,0
1510,0
1509,0
1513,0
1517,0
1518,0
1521,0
1521,0
1525,0
1527,0
1528,0
1529,0
1529,0
1531,0
1533,0
1532,0
1533,0
1537,0
1536,0
1535,0
1538,0
1538,0
1539,0
1537,0
1546,0
1548,0
1554,0
1556,0
1559,0
1560,0
1564,0
1563,0
1564,0
1571,0
1575,0
1576,0
1580,0
1581,0
1580,0
1580,0
1583,0
1583,0
1579,0
1580,0
1582,0
1585,0
1587,0
1590,0
1597,0
1598,0
1601,0
1602,0
1603,0
1610,0
1612,0
1613,0
1617,0
1621,0
1623,0
1625,0
1628,0
1628,0
1633,0
1639,0
1644,0
1649,0
1650,0
1655,0
1656,0
1657,0
1663,0
1671,0
1678,0
1681,0
1682,0
1683,0
1685,0
1687,0
1690,0
1693,0
1700,0
1704,0
1705,0
1718,0
1729,0
1730,0
1731,0
1733,0
1741,0
1743,0
1746,0
1744,0
1746,0
1750,0
1761,0
1763,4095
1770,4095
1775,4095
1781,4095
1788,4095
1792,4095
1792,4095
1795,4095
1799,4095
1801,4095
1810,4095
1814,4095
1819,4095
1821,4095
1823,4095
1824,4095
1826,4095
1825,4095
1832,4095
1832,4095
1839,4095
1843,4095
1854,4095
1860,4095
1866,4095
1865,4095
1862,4095
1866,4095
1868,4095
1875,4095
1886,4095
1887,4095
1891,4095
1897,4095
1902,4095
1909,4095
1909,4095
1914,4095
1917,4095
1921,4095
1930,4095
1936,4095
1937,4095
1939,4095
1950,4095
1952,4095
1951,4095
1958,4095
1967,4095
1970,4095
1974,4095
1983,4095
1987,4095
1994,4095
2003,4095
2005,4095
2009,4095
2015,4095
2016,4095
2017,4095
2023,4095
2022,4095
2022,4095
2024,4095
2029,4095
2032,4095
2037,4095
2039,4095
2040,4095
2044,4095
2043,4095
2047,4095
2051,4095
2050,4095
2057,4095
2055,4095
2055,4095
2065,4095
2063,4095
2068,4095
2072,4095
2071,4095
2072,4095
2071,4095
2073,4095
2073,4095
2073,4095
2075,4095
2077,4095
2082,4095
2087,4095
2091,4095
2093,4095
2097,4095
2098,4095
2099,4095
2099,4095
2103,4095
2103,4095
2104,4095
2106,4095
2107,4095
2111,4095
2113,4095
2114,4095
2113,4095
2112,4095
2119,4095
2128,4095
2128,4095
2131,4095
2131,4095
2134,4095
2134,4095
2139,4095
2135,4095
2133,4095
2138,4095
2140,4095
2141,4095
2143,4095
2146,4095
2147,4095
2148,4095
2146,4095
2144,4095
2145,4095
2151,4095
2153,4095
2156,4095
2154,4095
2158,4095
2159,4095
2159,4095
2156,4095
2152,4095
2153,4095
2157,4095
2159,4095
2159,4095
2157,4095
2160,4095
2160,4095
2160,4095
2162,4095
2160,4095
2163,4095
2168,4095
2172,4095
2172,4095
2173,4095
2174,4095
2172,4095
2173,4095
2171,4095
2165,4095
2170,4095
2174,4095
2178,4095
2179,4095
2178,4095
2178,4095
2177,4095
2179,4095
2178,4095
2175,4095
2176,4095
2182,4095
2184,4095
2184,4095
2183,4095
2184,4095
2182,4095
2180,4095
2177,4095
2170,4095
2175,4095
2181,4095
2181,4095
2181,4095
2182,4095
2181,4095
2182,4095
2183,4095
2181,4095
2178,4095
2180,4095
2185,4095
2187,4095
2187,4095
2187,4095
2185,4095
2182,4095
2181,4095
2178,4095
2173,4095
2179,4095
2184,4095
2184,4095
2185,4095
2183,4095
2187,4095
2186,4095
2185,4095
2183,4095
2179,4095
2183,4095
2187,4095
2189,4095
2188,4095
2186,4095
2185,4095
2184,4095
2184,4095
2178,4095
2175,4095
2182,4095
2185,4095
2185,4095
2186,4095
2190,4095
2192,4095
2191,4095
2190,4095
2184,4095
2182,4095
2188,4095
2193,4095
2192,4095
2191,4095
2191,4095
2190,4095
2188,4095
2187,4095
2183,4095
2181,4095
2186,4095
2190,4095
2190,4095
2193,4095
2194,4095
2194,4095
2190,4095
2190,4095
2186,4095
2183,4095
2190,4095
2192,4095
2190,4095
2190,4095
2189,4095
2189,4095
2188,4095
2187,4095
2181,4095
2179,4095
2186,4095
2189,4095
2192,4095
2193,4095
2193,4095
2194,4095
2192,4095
2192,4095
2186,4095
2184,4095
2189,4095
2188,4095
2187,4095
2188,4095
2188,4095
2189,4095
2187,4095
2186,4095
2179,4095
2178,4095
2187,4095
2190,4095
2188,4095
2190,4095
2191,4095
2192,4095
2192,4095
2191,4095
2185,4095
2182,4095
2187,4095
2189,4095
2187,4095
2188,4095
2187,4095
2187,4095
2186,4095
2185,4095
2178,4095
2180,4095
2190,4095
2191,4095
2192,4095
2190,4095
2189,4095
2193,4095
2190,4095
2189,4095
2181,4095
2178,4095
2184,4095
2186,4095
2186,4095
2187,4095
2186,4095
2189,4095
2187,4095
2185,4095
2182,4095
2182,4095
2188,4095
2191,4095
2192,4095
2191,4095
2190,4095
2191,4095
2188,4095
2187,4095
2179,4095
2178,4095
2183,4095
2186,4095
2187,4095
2187,4095
2187,4095
2187,4095
2186,4095
2188,4095
2182,4095
2182,4095
2188,4095
2191,4095
2192,4095
2193,4095
2192,4095
2191,4095
2188,4095
2185,4095
2178,4095
2179,4095
2185,4095
2186,4095
2187,4095
2188,4095
2189,4095
2191,4095
2191,4095
2188,4095
2182,4095
2183,4095
2188,4095
2191,4095
2191,4095
2191,4095
2189,4095
2188,4095
2186,4095
2183,4095
2178,4095
2179,4095
2185,4095
2187,4095
2186,4095
2187,4095
2188,4095
2190,4095
2189,4095
2186,4095
2185,4095
2183,4095
2189,4095
2190,4095
2191,4095
2189,4095
2188,4095
2187,4095
2185,4095
2181,4095
2177,4095
2179,4095
2184,4095
2186,4095
2189,4095
2189,4095
2193,4095
2191,4095
2189,4095
2185,4095
2180,4095
2183,4095
2188,4095
2190,4095
2188,4095
2187,4095
2187,4095
2185,4095
2183,4095
2180,4095
2173,4095
2177,4095
2182,4095
2183,4095
2186,4095
2188,4095
2189,4095
2190,4095
2187,4095
2183,4095
2179,4095
2182,4095
2186,4095
2186,4095
2184,4095
2184,4095
2185,4095
2183,4095
2183,4095
2178,4095
2173,4095
2176,4095
2184,4095
2188,4095
2187,4095
2187,4095
2188,4095
2188,4095
2187,4095
2181,4095
2177,4095
2181,4095
2185,4095
2184,4095
2183,4095
2183,4095
2182,4095
2183,4095
2182,4095
2176,4095
2171,4095
2176,4095
2185,4095
2186,4095
2187,4095
2187,4095
2186,4095
2186,4095
2185,4095
2179,4095
2175,4095
2178,4095
2182,4095
2182,4095
2182,4095
2182,4095
2182,4095
2182,4095
2183,4095
2175,4095
2172,4095
2182,4095
2186,4095
2185,4095
2186,4095
2186,4095
2185,4095
2186,4095
2185,4095
2177,4095
2171,4095
2175,4095
2181,4095
2183,4095
2182,4095
2182,4095
2183,4095
2183,4095
2182,4095
2177,4095
2175,4095
2183,4095
2187,4095
2188,4095
2188,4095
2188,4095
2188,4095
2187,4095
2187,4095
2177,4095
2173,4095
2180,4095
2183,4095
2183,4095
2184,4095
2183,4095
2182,4095
2182,4095
2186,4095
2183,4095
2178,4095
2184,4095
2187,4095
2187,4095
2189,4095
2189,4095
2188,4095
2186,4095
2184,4095
2176,4095
2172,4095
2179,4095
2182,4095
2183,4095
2185,4095
2184,4095
2183,4095
2187,4095
2188,4095
2179,4095
2177,4095
2185,4095
2186,4095
2187,4095
2187,4095
2186,4095
2185,4095
2184,4095
2183,4095
2172,4095
2170,4095
2178,4095
2180,4095
2183,4095
2181,4095
2182,4095
2184,4095
2187,4095
2187,4095
2178,4095
2176,4095
2185,4095
2187,4095
2187,4095
2185,4095
2186,4095
2186,4095
2185,4095
2185,4095
2177,4095
2173,4095
2181,4095
2183,4095
2184,4095
2186,4095
2188,4095
2187,4095
2188,4095
2187,4095
2178,4095
2179,4095
2185,4095
2187,4095
2186,4095
2184,4095
2183,4095
2185,4095
2184,4095
2181,4095
2172,4095
2172,4095
2183,4095
2184,4095
2182,4095
2184,4095
2187,4095
2187,4095
2188,4095
2185,4095
2178,4095
2175,4095
2184,4095
2183,4095
2183,4095
2182,4095
2182,4095
2183,4095
2182,4095
2181,4095
2172,4095
2170,4095
2180,4095
2184,4095
2186,4095
2184,4095
2186,4095
2187,4095
2186,4095
2184,4095
2176,4095
2174,4095
2181,4095
2183,4095
2182,4095
2181,4095
2182,4095
2181,4095
2182,4095
2180,4095
2172,4095
2171,4095
2181,4095
2185,4095
2187,4095
2188,4095
2187,4095
2188,4095
2187,4095
2184,4095
2174,4095
2173,4095
2180,4095
2182,4095
2182,4095
2182,4095
2182,4095
2182,4095
2182,4095
2179,4095
2171,4095
2174,4095
2183,4095
2186,4095
2186,4095
2186,4095
2186,4095
2186,4095
2186,4095
2183,4095
2173,4095
2172,4095
2180,4095
2181,4095
2181,4095
2181,4095
2182,4095
2181,4095
2182,4095
2179,4095
2175,4095
2176,4095
2183,4095
2187,4095
2189,4095
2188,4095
2187,4095
2185,4095
2185,4095
2181,4095
2171,4095
2173,4095
2180,4095
2181,4095
2182,4095
2183,4095
2182,4095
2180,4095
2182,4095
2182,4095
2175,4095
2177,4095
2184,4095
2185,4095
2186,4095
2186,4095
2186,4095
2184,4095
2183,4095
2177,4095
2170,4095
2173,4095
2179,4095
2180,4095
2182,4095
2182,4095
2182,4095
2183,4095
2185,4095
2181,4095
2175,4095
2180,4095
2185,4095
2185,4095
2186,4095
2188,4095
2186,4095
2184,4095
2182,4095
2177,4095
2171,4095
2174,4095
2181,4095
2181,4095
2181,4095
2182,4095
2184,4095
2186,4095
2186,4095
2182,4095
2173,4095
2178,4095
2183,4095
2184,4095
2185,4095
2184,4095
2182,4095
2184,4095
2184,4095
2177,4095
2171,4095
2175,4095
2181,4095
2182,4095
2182,4095
2184,4095
2186,4095
2186,4095
2186,4095
2181,4095
2177,4095
2180,4095
2186,4095
2185,4095
2184,4095
2182,4095
2181,4095
2181,4095
2182,4095
2178,4095
2172,4095
2178,4095
2182,4095
2184,4095
2185,4095
2188,4095
2188,4095
2188,4095
2188,4095
2181,4095
2177,4095
2180,4095
2185,4095
2184,4095
2182,4095
2182,4095
2182,4095
2184,4095
2183,4095
2176,4095
2171,4095
2176,4095
2181,4095
2185,4095
2187,4095
2186,4095
2188,4095
2188,4095
2188,4095
2182,4095
2176,4095
2180,4095
2183,4095
2183,4095
2182,4095
2182,4095
2183,4095
2183,4095
2182,4095
2174,4095
2169,4095
2176,4095
2183,4095
2187,4095
2187,4095
2186,4095
2188,4095
2186,4095
2186,4095
2180,4095
2173,4095
2179,4095
2181,4095
2181,4095
2182,4095
2182,4095
2183,4095
2182,4095
2182,4095
2174,4095
2172,4095
2180,4095
2184,4095
2187,4095
2186,4095
2186,4095
2187,4095
2188,4095
2187,4095
2177,4095
2172,4095
2176,4095
2181,4095
2182,4095
2182,4095
2181,4095
2182,4095
2181,4095
2181,4095
2177,4095
2174,4095
2180,4095
2184,4095
2185,4095
2186,4095
2186,4095
2185,4095
2184,4095
2183,4095
2175,4095
2171,4095
2176,4095
2180,4095
2181,4095
2181,4095
2182,4095
2181,4095
2181,4095
2183,4095
2179,4095
2174,4095
2179,4095
2184,4095
2186,4095
2186,4095
2188,4095
2188,4095
2185,4095
2181,4095
2176,4095
2172,4095
2177,4095
2180,4095
2181,4095
2182,4095
2182,4095
2182,4095
2184,4095
2185,4095
2178,4095
2175,4095
2181,4095
2184,4095
2185,4095
2185,4095
2186,4095
2184,4095
2182,4095
2179,4095
2172,4095
2171,4095
2177,4095
2180,4095
2180,4095
2181,4095
2183,4095
2185,4095
2184,4095
2184,4095
2177,4095
2176,4095
2183,4095
2185,4095
2186,4095
2185,4095
2184,4095
2185,4095
2182,4095
2181,4095
2173,4095
2172,4095
2179,4095
2180,4095
2180,4095
2183,4095
2185,4095
2186,4095
2186,4095
2183,4095
2177,4095
2177,4095
2182,4095
2184,4095
2184,4095
2183,4095
2182,4095
2182,4095
2181,4095
2178,4095
2171,4095
2172,4095
2179,4095
2180,4095
2183,4095
2185,4095
2186,4095
2186,4095
2186,4095
2182,4095
2177,4095
2178,4095
2184,4095
2186,4095
2185,4095
2183,4095
2182,4095
2182,4095
2183,4095
2178,4095
2171,4095
2173,4095
2178,4095
2183,4095
2185,4095
2185,4095
2186,4095
2186,4095
2186,4095
2182,4095
2177,4095
2179,4095
2179,4095
2181,4095
2182,4095
2182,4095
2181,4095
2181,4095
2182,4095
2177,4095
2172,4095
2175,4095
2182,4095
2184,4095
2185,4095
2187,4095
2186,4095
2186,4095
2187,4095
2181,4095
2178,4095
2181,4095
2180,4095
2180,4095
2182,4095
2181,4095
2180,4095
2182,4095
2182,4095
2176,4095
2172,4095
2179,4095
2183,4095
2185,4095
2190,4095
2189,4095
2189,4095
2188,4095
2188,4095
2182,4095
2176,4095
2179,4095
2180,4095
2181,4095
2183,4095
2182,4095
2182,4095
2184,4095
2183,4095
2178,4095
2178,4095
2182,4095
2183,4095
2185,4095
2188,4095
2187,4095
2187,4095
2189,4095
2186,4095
2180,4095
2175,4095
2179,4095
2182,4095
2183,4095
2183,4095
2183,4095
2183,4095
2182,4095
2183,4095
2180,4095
2179,4095
2183,4095
2183,4095
2185,4095
2186,4095
2187,4095
2186,4095
2184,4095
2182,4095
2175,4095
2175,4095
2179,4095
2181,4095
2181,4095
2184,4095
2183,4095
2182,4095
2185,4095
2190,4095
2180,4095
2177,4095
2182,4095
2184,4095
2186,4095
2188,4095
2188,4095
2187,4095
2185,4095
2184,4095
2176,4095
2173,4095
2179,4095
2180,4095
2182,4095
2182,4095
2182,4095
2185,4095
2188,4095
2189,4095
2182,4095
2179,4095
2185,4095
2185,4095
2185,4095
2185,4095
2184,4095
2183,4095
2182,4095
2182,4095
2174,4095
2171,4095
2178,4095
2179,4095
2180,4095
2181,4095
2184,4095
2187,4095
2187,4095
2186,4095
2179,4095
2178,4095
2182,4095
2184,4095
2184,4095
2183,4095
2184,4095
2183,4095
2183,4095
2184,4095
2174,4095
2172,4095
2179,4095
2179,4095
2181,4095
2184,4095
2185,4095
2186,4095
2186,4095
2186,4095
2179,4095
2177,4095
2183,4095
2183,4095
2182,4095
2182,4095
2182,4095
2182,4095
2182,4095
2181,4095
2174,4095
2172,4095
2179,4095
2181,4095
2183,4095
2185,4095
2185,4095
2186,4095
2187,4095
2186,4095
2178,4095
2176,4095
2183,4095
2182,4095
2181,4095
2184,4095
2184,4095
2182,4095
2182,4095
2181,4095
2173,4095
2173,4095
2182,4095
2183,4095
2185,4095
2186,4095
2186,4095
2187,4095
2186,4095
2186,4095
2179,4095
2176,4095
2181,4095
2181,4095
2180,4095
2181,4095
2182,4095
2182,4095
2182,4095
2180,4095
2173,4095
2176,4095
2184,4095
2185,4095
2185,4095
2188,4095
2187,4095
2186,4095
2187,4095
2184,4095
2178,4095
2177,4095
2185,4095
2182,4095
2183,4095
2184,4095
2184,4095
2182,4095
2183,4095
2180,4095
2177,4095
2180,4095
2185,4095
2184,4095
2185,4095
2187,4095
2187,4095
2187,4095
2186,4095
2181,4095
2174,4095
2175,4095
2181,4095
2180,4095
2180,4095
2182,4095
2183,4095
2182,4095
2182,4095
2182,4095
2178,4095
2181,4095
2187,4095
2185,4095
2186,4095
2186,4095
2187,4095
2186,4095
2185,4095
2178,4095
2173,4095
2177,4095
2182,4095
2181,4095
2181,4095
2182,4095
2183,4095
2183,4095
2186,4095
2182,4095
2178,4095
2182,4095
2186,4095
2185,4095
2185,4095
2187,4095
2186,4095
2185,4095
2183,4095
2178,4095
2172,4095
2177,4095
2181,4095
2181,4095
2180,4095
2182,4095
2183,4095
2186,4095
2187,4095
2184,4095
2179,4095
2182,4095
2186,4095
2185,4095
2185,4095
2184,4095
2182,4095
2183,4095
2183,4095
2178,4095
2176,4095
2178,4095
2183,4095
2182,4095
2181,4095
2184,4095
2187,4095
2188,4095
2188,4095
2181,4095
2179,4095
2184,4095
2188,4095
2187,4095
2186,4095
2185,4095
2185,4095
2185,4095
2185,4095
2179,4095
2174,4095
2179,4095
2183,4095
2184,4095
2187,4095
2188,4095
2189,4095
2188,4095
2189,4095
2183,4095
2180,4095
2185,4095
2187,4095
2186,4095
2184,4095
2184,4095
2184,4095
2183,4095
2185,4095
2180,4095
2175,4095
2181,4095
2185,4095
2187,4095
2186,4095
2187,4095
2188,4095
2188,4095
2188,4095
2181,4095
2180,4095
2182,4095
2184,4095
2182,4095
2182,4095
2181,4095
2182,4095
2182,4095
2185,4095
2179,4095
2174,4095
2180,4095
2187,4095
2186,4095
2186,4095
2186,4095
2188,4095
2187,4095
2187,4095
2181,4095
2177,4095
2182,4095
2185,4095
2182,4095
2182,4095
2182,4095
2184,4095
2185,4095
2185,4095
2178,4095
2173,4095
2183,4095
2187,4095
2185,4095
2185,4095
2186,4095
2187,4095
2187,4095
2187,4095
2180,4095
2175,4095
2180,4095
2182,4095
2181,4095
2181,4095
2184,4095
2184,4095
2182,4095
2182,4095
2175,4095
2176,4095
2183,4095
2186,4095
2185,4095
2186,4095
2186,4095
2187,4095
2187,4095
2185,4095
2176,4095
2173,4095
2180,4095
2182,4095
2181,4095
2181,4095
2184,4095
2184,4095
2184,4095
2185,4095
2178,4095
2178,4095
2184,4095
2186,4095
2185,4095
2185,4095
2186,4095
2187,4095
2186,4095
2183,4095
2174,4095
2173,4095
2182,4095
2184,4095
2182,4095
2181,4095
2182,4095
2182,4095
2186,4095
2185,4095
2178,4095
2178,4095
2185,4095
2187,4095
2186,4095
2185,4095
2185,4095
2185,4095
2184,4095
2181,4095
2173,4095
2172,4095
2181,4095
2182,4095
2182,4095
2183,4095
2183,4095
2185,4095
2186,4095
2185,4095
2178,4095
2179,4095
2185,4095
2186,4095
2185,4095
2184,4095
2184,4095
2182,4095
2184,4095
2182,4095
2174,4095
2174,4095
2180,4095
2182,4095
2181,4095
2181,4095
2184,4095
2185,4095
2187,4095
2185,4095
2180,4095
2179,4095
2184,4095
2186,4095
2185,4095
2182,4095
2182,4095
2182,4095
2183,4095
2180,4095
2173,4095
2175,4095
2182,4095
2184,4095
2183,4095
2184,4095
2185,4095
2188,4095
2188,4095
2184,4095
2178,4095
2180,4095
2185,4095
2185,4095
2184,4095
2182,4095
2182,4095
2183,4095
2182,4095
2179,4095
2173,4095
2176,4095
2181,4095
2183,4095
2186,4095
2185,4095
2186,4095
2187,4095
2187,4095
2184,4095
2177,4095
2181,4095
2184,4095
2183,4095
2183,4095
2181,4095
2181,4095
2183,4095
2183,4095
2178,4095
2173,4095
2179,4095
2184,4095
2187,4095
2187,4095
2186,4095
2185,4095
2186,4095
2188,4095
2184,4095
2179,4095
2179,4095
2182,4095
2184,4095
2181,4095
2180,4095
2181,4095
2182,4095
2182,4095
2178,4095
2175,4095
2180,4095
2186,4095
2187,4095
2188,4095
2188,4095
2188,4095
2188,4095
2188,4095
2183,4095
2177,4095
2180,4095
2183,4095
2183,4095
2184,4095
2181,4095
2182,4095
2184,4095
2183,4095
2179,4095
2181,4095
2184,4095
2188,4095
2189,4095
2188,4095
2187,4095
2187,4095
2188,4095
2187,4095
2182,4095
2175,4095
2179,4095
2183,4095
2184,4095
2183,4095
2181,4095
2182,4095
2182,4095
2183,4095
2180,4095
2174,4095
2182,4095
2186,4095
2187,4095
2186,4095
2186,4095
2185,4095
2185,4095
2184,4095
2176,4095
2173,4095
2179,4095
2181,4095
2184,4095
2183,4095
2181,4095
2181,4095
2186,4095
2188,4095
2183,4095
2177,4095
2182,4095
2186,4095
2188,4095
2186,4095
2186,4095
2184,4095
2184,4095
2183,4095
2175,4095
2171,4095
2178,4095
2182,4095
2182,4095
2182,4095
2180,4095
2182,4095
2186,4095
2186,4095
2180,4095
2176,4095
2183,4095
2187,4095
2186,4095
2186,4095
2184,4095
2182,4095
2182,4095
2182,4095
2175,4095
2171,4095
2178,4095
2182,4095
2182,4095
2181,4095
2183,4095
2188,4095
2187,4095
2188,4095
2180,4095
2177,4095
2186,4095
2186,4095
2186,4095
2185,4095
2182,4095
2181,4095
2183,4095
2182,4095
2175,4095
2171,4095
2179,4095
2180,4095
2182,4095
2184,4095
2184,4095
2184,4095
2186,4095
2187,4095
2179,4095
2177,4095
2184,4095
2185,4095
2184,4095
2182,4095
2181,4095
2180,4095
2181,4095
2182,4095
2174,4095
2172,4095
2179,4095
2181,4095
2185,4095
2188,4095
2189,4095
2186,4095
2187,4095
2185,4095
2179,4095
2178,4095
2183,4095
2183,4095
2183,4095
2183,4095
2182,4095
2181,4095
2182,4095
2180,4095
2174,4095
2172,4095
2180,4095
2185,4095
2186,4095
2187,4095
2184,4095
2184,4095
2186,4095
2184,4095
2179,4095
2176,4095
2182,4095
2181,4095
2182,4095
2183,4095
2181,4095
2180,4095
2182,4095
2180,4095
2174,4095
2175,4095
2183,4095
2186,4095
2188,4095
2187,4095
2185,4095
2184,4095
2185,4095
2184,4095
2176,4095
2175,4095
2181,4095
2182,4095
2182,4095
2182,4095
2181,4095
2180,4095
2182,4095
2179,4095
2175,4095
2178,4095
2185,4095
2185,4095
2186,4095
2186,4095
2184,4095
2184,4095
2185,4095
2182,4095
2174,4095
2174,4095
2180,4095
2182,4095
2182,4095
2182,4095
2180,4095
2180,4095
2182,4095
2181,4095
2179,4095
2180,4095
2186,4095
2186,4095
2187,4095
2187,4095
2185,4095
2184,4095
2184,4095
2179,4095
2172,4095
2175,4095
2181,4095
2182,4095
2185,4095
2182,4095
2180,4095
2180,4095
2184,4095
2182,4095
2178,4095
2180,4095
2185,4095
2186,4095
2186,4095
2185,4095
2183,4095
2183,4095
2182,4095
2178,4095
2172,4095
2175,4095
2180,4095
2182,4095
2182,4095
2183,4095
2184,4095
2183,4095
2185,4095
2181,4095
2180,4095
2183,4095
2186,4095
2188,4095
2188,4095
2187,4095
2184,4095
2183,4095
2184,4095
2179,4095
2174,4095
2178,4095
2182,4095
2184,4095
2184,4095
2184,4095
2186,4095
2186,4095
2186,4095
2181,4095
2179,4095
2183,4095
2186,4095
2188,4095
2186,4095
2185,4095
2182,4095
2181,4095
2184,4095
2178,4095
2174,4095
2178,4095
2183,4095
2185,4095
2188,4095
2189,4095
2187,4095
2187,4095
2188,4095
2183,4095
2179,4095
2183,4095
2187,4095
2186,4095
2185,4095
2184,4095
2181,4095
2180,4095
2182,4095
2177,4095
2172,4095
2179,4095
2181,4095
2184,4095
2186,4095
2187,4095
2186,4095
2185,4095
2187,4095
2182,4095
2179,4095
2182,4095
2184,4095
2184,4095
2182,4095
2183,4095
2180,4095
2179,4095
2183,4095
2177,4095
2175,4095
2179,4095
2183,4095
2185,4095
2186,4095
2186,4095
2186,4095
2187,4095
2186,4095
2181,4095
2176,4095
2180,4095
2182,4095
2181,4095
2181,4095
2183,4095
2181,4095
2180,4095
2181,4095
2174,4095
2171,4095
2181,4095
2185,4095
2185,4095
2186,4095
2187,4095
2185,4095
2185,4095
2185,4095
2178,4095
2173,4095
2180,4095
2182,4095
2182,4095
2182,4095
2182,4095
2182,4095
2181,4095
2181,4095
2175,4095
2174,4095
2184,4095
2186,4095
2187,4095
2186,4095
2188,4095
2189,4095
2187,4095
2185,4095
2177,4095
2174,4095
2180,4095
2181,4095
2182,4095
2182,4095
2181,4095
2181,4095
2181,4095
2182,4095
2177,4095
2175,4095
2184,4095
2186,4095
2184,4095
2186,4095
2187,4095
2186,4095
2183,4095
2182,4095
2172,4095
2171,4095
2179,4095
2181,4095
2183,4095
2184,4095
2184,4095
2184,4095
2187,4095
2187,4095
2181,4095
2180,4095
2186,4095
2189,4095
2190,4095
2189,4095
2188,4095
2184,4095
2184,4095
2180,4095
2172,4095
2172,4095
2179,4095
2180,4095
2181,4095
2182,4095
2182,4095
2184,4095
2185,4095
2184,4095
2178,4095
2180,4095
2185,4095
2186,4095
2187,4095
2186,4095
2184,4095
2180,4095
2180,4095
2180,4095
2173,4095
2175,4095
2181,4095
2182,4095
2183,4095
2182,4095
2185,4095
2185,4095
2185,4095
2184,4095
2179,4095
2178,4095
2185,4095
2188,4095
2188,4095
2185,4095
2183,4095
2182,4095
2181,4095
2179,4095
2172,4095
2175,4095
2180,4095
2182,4095
2184,4095
2187,4095
2186,4095
2186,4095
2185,4095
2182,4095
2178,4095
2180,4095
2184,4095
2186,4095
2184,4095
2183,4095
2183,4095
2181,4095
2181,4095
2177,4095
2172,4095
2176,4095
2182,4095
2182,4095
2185,4095
2186,4095
2186,4095
2186,4095
2184,4095
2182,4095
2178,4095
2181,4095
2187,4095
2185,4095
2183,4095
2183,4095
2183,4095
2182,4095
2180,4095
2177,4095
2173,4095
2175,4095
2182,4095
2186,4095
2187,4095
2187,4095
2187,4095
2186,4095
2184,4095
2181,4095
2177,4095
2179,4095
2181,4095
2181,4095
2182,4095
2182,4095
2184,4095
2182,4095
2182,4095
2178,4095
2172,4095
2179,4095
2185,4095
2187,4095
2187,4095
2187,4095
2187,4095
2188,4095
2188,4095
2184,4095
2179,4095
2180,4095
2184,4095
2185,4095
2185,4095
2184,4095
2185,4095
2184,4095
2182,4095
2177,4095
2175,4095
2182,4095
2188,4095
2188,4095
2187,4095
2188,4095
2188,4095
2188,4095
2186,4095
2181,4095
2176,4095
2180,4095
2183,4095
2184,4095
2183,4095
2183,4095
2183,4095
2182,4095
2181,4095
2179,4095
2176,4095
2182,4095
2186,4095
2187,4095
2187,4095
2188,4095
2187,4095
2186,4095
2184,4095
2176,4095
2170,4095
2176,4095
2183,4095
2183,4095
2183,4095
2183,4095
2183,4095
2184,4095
2186,4095
2179,4095
2177,4095
2182,4095
2186,4095
2187,4095
2186,4095
2186,4095
2187,4095
2186,4095
2185,4095
2176,4095
2172,4095
2178,4095
2181,4095
2182,4095
2182,4095
2182,4095
2183,4095
2186,4095
2186,4095
2178,4095
2176,4095
2183,4095
2186,4095
2184,4095
2186,4095
2185,4095
2185,4095
2184,4095
2182,4095
2175,4095
2171,4095
2179,4095
2181,4095
2182,4095
2183,4095
2184,4095
2185,4095
2187,4095
2185,4095
2177,4095
2178,4095
2182,4095
2186,4095
2186,4095
2186,4095
2184,4095
2182,4095
2182,4095
2180,4095
2173,4095
2170,4095
2179,4095
2181,4095
2182,4095
2185,4095
2187,4095
2186,4095
2186,4095
2185,4095
2177,4095
2176,4095
2185,4095
2186,4095
2185,4095
2186,4095
2186,4095
2183,4095
2183,4095
2183,4095
2173,4095
2172,4095
2180,4095
2181,4095
2185,4095
2186,4095
2187,4095
2186,4095
2190,4095
2186,4095
2177,4095
2176,4095
2184,4095
2184,4095
2183,4095
2181,4095
2183,4095
2182,4095
2182,4095
2179,4095
2170,4095
2172,4095
2178,4095
2185,4095
2186,4095
2186,4095
2187,4095
2186,4095
2186,4095
2183,4095
2176,4095
2178,4095
2182,4095
2183,4095
2184,4095
2183,4095
2184,4095
2183,4095
2183,4095
2179,4095
2171,4095
2173,4095
2183,4095
2185,4095
2186,4095
2186,4095
2186,4095
2187,4095
2187,4095
2183,4095
2175,4095
2175,4095
2182,4095
2182,4095
2183,4095
2181,4095
2182,4095
2182,4095
2183,4095
2178,4095
2172,4095
2176,4095
2185,4095
2185,4095
2186,4095
2186,4095
2186,4095
2187,4095
2187,4095
2181,4095
2173,4095
2174,4095
2181,4095
2182,4095
2184,4095
2183,4095
2183,4095
2183,4095
2183,4095
2180,4095
2175,4095
2178,4095
2184,4095
2186,4095
2187,4095
2186,4095
2186,4095
2185,4095
2185,4095
2178,4095
2173,4095
2175,4095
2181,4095
2182,4095
2182,4095
2181,4095
2182,4095
2181,4095
2184,4095
2181,4095
2175,4095
2178,4095
2185,4095
2187,4095
2187,4095
2186,4095
2185,4095
2186,4095
2183,4095
2178,4095
2174,4095
2178,4095
2182,4095
2183,4095
2186,4095
2184,4095
2184,4095
2186,4095
2188,4095
2182,4095
2178,4095
2182,4095
2186,4095
2187,4095
2187,4095
2187,4095
2185,4095
2183,4095
2183,4095
2178,4095
2170,4095
2174,4095
2180,4095
2181,4095
2181,4095
2181,4095
2184,4095
2185,4095
2185,4095
2181,4095
2175,4095
2179,4095
2184,4095
2185,4095
2184,4095
2184,4095
2183,4095
2181,4095
2184,4095
2177,4095
2171,4095
2175,4095
2180,4095
2181,4095
2183,4095
2184,4095
2185,4095
2185,4095
2185,4095
2178,4095
2172,4095
2180,4095
2182,4095
2182,4095
2181,4095
2182,4095
2182,4095
2181,4095
2181,4095
2175,4095
2169,4095
2174,4095
2179,4095
2181,4095
2185,4095
2185,4095
2184,4095
2184,4095
2185,4095
2179,4095
2175,4095
2182,4095
2183,4095
2182,4095
2181,4095
2180,4095
2180,4095
2183,4095
2182,4095
2173,4095
2168,4095
2175,4095
2181,4095
2183,4095
2184,4095
2183,4095
2182,4095
2183,4095
2184,4095
2176,4095
2171,4095
2177,4095
2180,4095
2179,4095
2179,4095
2179,4095
2180,4095
2179,4095
2180,4095
2170,4095
2167,4095
2177,4095
2182,4095
2183,4095
2184,4095
2184,4095
2183,4095
2184,4095
2184,4095
2175,4095
2170,4095
2175,4095
2178,4095
2179,4095
2181,4095
2181,4095
2183,4095
2181,4095
2180,4095
2170,4095
2170,4095
2178,4095
2182,4095
2182,4095
2183,4095
2183,4095
2183,4095
2184,4095
2183,4095
2173,4095
2168,4095
2174,4095
2178,4095
2179,4095
2180,4095
2179,4095
2179,4095
2180,4095
2180,4095
2173,4095
2170,4095
2178,4095
2182,4095
2183,4095
2183,4095
2183,4095
2183,4095
2182,4095
2180,4095
2170,4095
2167,4095
2175,4095
2178,4095
2180,4095
2180,4095
2180,4095
2180,4095
2180,4095
2182,4095
2174,4095
2171,4095
2179,4095
2182,4095
2184,4095
2184,4095
2183,4095
2183,4095
2179,4095
2179,4095
2170,4095
2168,4095
2174,4095
2178,4095
2180,4095
2181,4095
2180,4095
2181,4095
2183,4095
2182,4095
2175,4095
2173,4095
2180,4095
2183,4095
2183,4095
2184,4095
2182,4095
2180,4095
2179,4095
2176,4095
2170,4095
2169,4095
2175,4095
2181,4095
2181,4095
2180,4095
2181,4095
2183,4095
2183,4095
2182,4095
2175,4095
2173,4095
2181,4095
2183,4095
2183,4095
2182,4095
2181,4095
2180,4095
2179,4095
2177,4095
2170,4095
2171,4095
2176,4095
2179,4095
2180,4095
2182,4095
2184,4095
2184,4095
2183,4095
2181,4095
2175,4095
2175,4095
2182,4095
2184,4095
2182,4095
2181,4095
2181,4095
2181,4095
2180,4095
2177,4095
2170,4095
2173,4095
2179,4095
2180,4095
2183,4095
2182,4095
2186,4095
2184,4095
2184,4095
2181,4095
2175,4095
2175,4095
2180,4095
2182,4095
2180,4095
2180,4095
2180,4095
2180,4095
2180,4095
2176,4095
2169,4095
2170,4095
2177,4095
2182,4095
2183,4095
2183,4095
2184,4095
2184,4095
2184,4095
2180,4095
2175,4095
2175,4095
2179,4095
2180,4095
2180,4095
2180,4095
2181,4095
2182,4095
2184,4095
2179,4095
2174,4095
2175,4095
2184,4095
2186,4095
2186,4095
2186,4095
2186,4095
2186,4095
2186,4095
2182,4095
2175,4095
2176,4095
2180,4095
2181,4095
2181,4095
2181,4095
2181,4095
2182,4095
2182,4095
2177,4095
2173,4095
2179,4095
2183,4095
2185,4095
2187,4095
2186,4095
2186,4095
2186,4095
2187,4095
2182,4095
2176,4095
2177,4095
2181,4095
2181,4095
2183,4095
2183,4095
2183,4095
2184,4095
2185,4095
2182,4095
2178,4095
2182,4095
2186,4095
2187,4095
2188,4095
2188,4095
2187,4095
2188,4095
2186,4095
2178,4095
2173,4095
2176,4095
2180,4095
2180,4095
2182,4095
2182,4095
2182,4095
2182,4095
2185,4095
2181,4095
2177,4095
2182,4095
2184,4095
2185,4095
2187,4095
2187,4095
2186,4095
2184,4095
2182,4095
2177,4095
2172,4095
2175,4095
2178,4095
2180,4095
2182,4095
2184,4095
2186,4095
2190,4095
2189,4095
2184,4095
2180,4095
2182,4095
2184,4095
2186,4095
2187,4095
2186,4095
2184,4095
2182,4095
2182,4095
2177,4095
2174,4095
2180,4095
2181,4095
2183,4095
2180,4095
2184,4095
2186,4095
2186,4095
2187,4095
2184,4095
2176,4095
2182,4095
2183,4095
2185,4095
2185,4095
2184,4095
2182,4095
2181,4095
2182,4095
2174,4095
2171,4095
2176,4095
2179,4095
2181,4095
2183,4095
2187,4095
2187,4095
2187,4095
2186,4095
2179,4095
2177,4095
2181,4095
2183,4095
2183,4095
2183,4095
2182,4095
2184,4095
2183,4095
2181,4095
2173,4095
2170,4095
2176,4095
2179,4095
2183,4095
2185,4095
2186,4095
2187,4095
2187,4095
2185,4095
2179,4095
2175,4095
2182,4095
2181,4095
2182,4095
2182,4095
2183,4095
2182,4095
2182,4095
2181,4095
2173,4095
2172,4095
2177,4095
2181,4095
2187,4095
2187,4095
2188,4095
2188,4095
2187,4095
2185,4095
2179,4095
2176,4095
2180,4095
2181,4095
2181,4095
2181,4095
2182,4095
2181,4095
2182,4095
2180,4095
2172,4095
2172,4095
2181,4095
2185,4095
2187,4095
2186,4095
2186,4095
2185,4095
2186,4095
2185,4095
2177,4095
2175,4095
2179,4095
2181,4095
2182,4095
2183,4095
2182,4095
2182,4095
2182,4095
2180,4095
2174,4095
2175,4095
2184,4095
2184,4095
2185,4095
2186,4095
2188,4095
2185,4095
2185,4095
2183,4095
2175,4095
2173,4095
2178,4095
2179,4095
2181,4095
2180,4095
2181,4095
2181,4095
2181,4095
2182,4095
2177,4095
2178,4095
2183,4095
2183,4095
2186,4095
2185,4095
2185,4095
2185,4095
2183,4095
2181,4095
2172,4095
2173,4095
2178,4095
2179,4095
2181,4095
2181,4095
2182,4095
2181,4095
2183,4095
2183,4095
2178,4095
2181,4095
2183,4095
2184,4095
2184,4095
2187,4095
2186,4095
2184,4095
2182,4095
2178,4095
2172,4095
2175,4095
2180,4095
2180,4095
2180,4095
2183,4095
2184,4095
2186,4095
2188,4095
2184,4095
2180,4095
2181,4095
2185,4095
2184,4095
2187,4095
2187,4095
2186,4095
2184,4095
2183,4095
2178,4095
2172,4095
2176,4095
2181,4095
2179,4095
2182,4095
2184,4095
2186,4095
2187,4095
2187,4095
2184,4095
2179,4095
2184,4095
2186,4095
2186,4095
2186,4095
2186,4095
2184,4095
2183,4095
2185,4095
2179,4095
2173,4095
2176,4095
2180,4095
2179,4095
2182,4095
2184,4095
2186,4095
2186,4095
2186,4095
2180,4095
2177,4095
2181,4095
2183,4095
2182,4095
2181,4095
2182,4095
2183,4095
2182,4095
2183,4095
2178,4095
2172,4095
2177,4095
2180,4095
2181,4095
2184,4095
2185,4095
2185,4095
2187,4095
2191,4095
2182,4095
2179,4095
2182,4095
2182,4095
2181,4095
2181,4095
2183,4095
2183,4095
2182,4095
2182,4095
2176,4095
2171,4095
2176,4095
2181,4095
2183,4095
2184,4095
2185,4095
2186,4095
2186,4095
2186,4095
2180,4095
2177,4095
2180,4095
2181,4095
2180,4095
2179,4095
2180,4095
2181,4095
2182,4095
2181,4095
2175,4095
2171,4095
2179,4095
2183,4095
2184,4095
2184,4095
2185,4095
2188,4095
2188,4095
2186,4095
2179,4095
2174,4095
2178,4095
2179,4095
2179,4095
2181,4095
2181,4095
2182,4095
2181,4095
2182,4095
2174,4095
2173,4095
2181,4095
2183,4095
2184,4095
2184,4095
2186,4095
2185,4095
2186,4095
2185,4095
2177,4095
2171,4095
2177,4095
2179,4095
2179,4095
2180,4095
2180,4095
2181,4095
2181,4095
2181,4095
2177,4095
2178,4095
2182,4095
2185,4095
2184,4095
2187,4095
2187,4095
2187,4095
2185,4095
2185,4095
2175,4095
2172,4095
2178,4095
2180,4095
2179,4095
2180,4095
2181,4095
2181,4095
2181,4095
2184,4095
2179,4095
2175,4095
2183,4095
2184,4095
2184,4095
2184,4095
2185,4095
2185,4095
2183,4095
2181,4095
2173,4095
2171,4095
2179,4095
2180,4095
2180,4095
2180,4095
2182,4095
2182,4095
2184,4095
2185,4095
2177,4095
2176,4095
2182,4095
2185,4095
2184,4095
2184,4095
2187,4095
2188,4095
2182,4095
2180,4095
2172,4095
2171,4095
2178,4095
2180,4095
2179,4095
2180,4095
2183,4095
2185,4095
2185,4095
2184,4095
2178,4095
2176,4095
2183,4095
2184,4095
2184,4095
2182,4095
2183,4095
2181,4095
2181,4095
2179,4095
2172,4095
2172,4095
2179,4095
2181,4095
2179,4095
2182,4095
2184,4095
2185,4095
2185,4095
2183,4095
2177,4095
2177,4095
2185,4095
2188,4095
2183,4095
2182,4095
2182,4095
2182,4095
2181,4095
2178,4095
2171,4095
2173,4095
2181,4095
2180,4095
2181,4095
2183,4095
2185,4095
2184,4095
2185,4095
2183,4095
2177,4095
2178,4095
2184,4095
2182,4095
2180,4095
2179,4095
2182,4095
2181,4095
2181,4095
2178,4095
2171,4095
2173,4095
2179,4095
2183,4095
2183,4095
2184,4095
2186,4095
2187,4095
2186,4095
2183,4095
2180,4095
2181,4095
2185,4095
2184,4095
2183,4095
2181,4095
2182,4095
2183,4095
2184,4095
2180,4095
2174,4095
2175,4095
2184,4095
2185,4095
2184,4095
2186,4095
2187,4095
2186,4095
2187,4095
2183,4095
2177,4095
2179,4095
2181,4095
2182,4095
2182,4095
2182,4095
2182,4095
2183,4095
2182,4095
2179,4095
2173,4095
2180,4095
2185,4095
2185,4095
2185,4095
2184,4095
2186,4095
2187,4095
2188,4095
2181,4095
2174,4095
2178,4095
2181,4095
2181,4095
2182,4095
2180,4095
2180,4095
2181,4095
2181,4095
2179,4095
2178,4095
2182,4095
2185,4095
2187,4095
2186,4095
2184,4095
2185,4095
2185,4095
2186,4095
2178,4095
2172,4095
2175,4095
2180,4095
2183,4095
2180,4095
2179,4095
2181,4095
2181,4095
2183,4095
2180,4095
2177,4095
2181,4095
2185,4095
2187,4095
2184,4095
2184,4095
2185,4095
2186,4095
2183,4095
2176,4095
2172,4095
2177,4095
2181,4095
2181,4095
2180,4095
2179,4095
2181,4095
2184,4095
2184,4095
2179,4095
2177,4095
2181,4095
2185,4095
2186,4095
2184,4095
2184,4095
2185,4095
2182,4095
2181,4095
2174,4095
2170,4095
2177,4095
2180,4095
2181,4095
2179,4095
2180,4095
2185,4095
2186,4095
2186,4095
2180,4095
2178,4095
2182,4095
2185,4095
2185,4095
2184,4095
2183,4095
2185,4095
2185,4095
2183,4095
2178,4095
2172,4095
2178,4095
2181,4095
2183,4095
2180,4095
2184,4095
2186,4095
2186,4095
2186,4095
2180,4095
2177,4095
2182,4095
2186,4095
2186,4095
2181,4095
2181,4095
2181,4095
2182,4095
2182,4095
2175,4095
2171,4095
2178,4095
2182,4095
2183,4095
2184,4095
2184,4095
2185,4095
2187,4095
2186,4095
2181,4095
2177,4095
2183,4095
2185,4095
2186,4095
2183,4095
2180,4095
2183,4095
2182,4095
2181,4095
2174,4095
2171,4095
2180,4095
2184,4095
2186,4095
2185,4095
2185,4095
2186,4095
2186,4095
2187,4095
2180,4095
2176,4095
2183,4095
2183,4095
2182,4095
2180,4095
2181,4095
2181,4095
2181,4095
2182,4095
2174,4095
2171,4095
2181,4095
2185,4095
2187,4095
2185,4095
2185,4095
2185,4095
2187,4095
2187,4095
2179,4095
2175,4095
2181,4095
2183,4095
2184,4095
2181,4095
2182,4095
2181,4095
2181,4095
2181,4095
2173,4095
2175,4095
2182,4095
2185,4095
2186,4095
2186,4095
2185,4095
2185,4095
2186,4095
2184,4095
2176,4095
2173,4095
2181,4095
2181,4095
2182,4095
2181,4095
2181,4095
2181,4095
2182,4095
2183,4095
2179,4095
2178,4095
2185,4095
2185,4095
2186,4095
2186,4095
2185,4095
2186,4095
2186,4095
2182,4095
2174,4095
2175,4095
2182,4095
2182,4095
2184,4095
2182,4095
2181,4095
2181,4095
2183,4095
2183,4095
2178,4095
2179,4095
2185,4095
2185,4095
2186,4095
2185,4095
2185,4095
2184,4095
2184,4095
2179,4095
2172,4095
2175,4095
2181,4095
2184,4095
2183,4095
2182,4095
2182,4095
2185,4095
2188,4095
2187,4095
2181,4095
2183,4095
2187,4095
2188,4095
2189,4095
2188,4095
2186,4095
2185,4095
2184,4095
2181,4095
2175,4095
2178,4095
2184,4095
2183,4095
2185,4095
2183,4095
2185,4095
2188,4095
2189,4095
2185,4095
2181,4095
2183,4095
2188,4095
2188,4095
2188,4095
2186,4095
2184,4095
2184,4095
2185,4095
2181,4095
2174,4095
2176,4095
2182,4095
2182,4095
2183,4095
2185,4095
2186,4095
2186,4095
2187,4095
2184,4095
2180,4095
2182,4095
2186,4095
2185,4095
2185,4095
2182,4095
2182,4095
2184,4095
2185,4095
2180,4095
2174,4095
2178,4095
2183,4095
2183,4095
2186,4095
2186,4095
2186,4095
2187,4095
2186,4095
2181,4095
2177,4095
2182,4095
2187,4095
2187,4095
2185,4095
2185,4095
2183,4095
2184,4095
2184,4095
2178,4095
2173,4095
2176,4095
2182,4095
2187,4095
2188,4095
2187,4095
2186,4095
2187,4095
2187,4095
2182,4095
2179,4095
2181,4095
2184,4095
2185,4095
2185,4095
2183,4095
2184,4095
2183,4095
2182,4095
2177,4095
2177,4095
2180,4095
2187,4095
2187,4095
2189,4095
2187,4095
2187,4095
2188,4095
2190,4095
2185,4095
2180,4095
2184,4095
2185,4095
2184,4095
2185,4095
2184,4095
2182,4095
2182,4095
2184,4095
2178,4095
2175,4095
2183,4095
2187,4095
2188,4095
2188,4095
2187,4095
2187,4095
2186,4095
2188,4095
2181,4095
2176,4095
2180,4095
2182,4095
2184,4095
2186,4095
2186,4095
2183,4095
2183,4095
2184,4095
2179,4095
2179,4095
2185,4095
2187,4095
2188,4095
2189,4095
2188,4095
2188,4095
2187,4095
2188,4095
2178,4095
2174,4095
2180,4095
2183,4095
2183,4095
2184,4095
2184,4095
2183,4095
2183,4095
2188,4095
2182,4095
2181,4095
2186,4095
2190,4095
2189,4095
2191,4095
2190,4095
2189,4095
2187,4095
2187,4095
2179,4095
2176,4095
2183,4095
2186,4095
2187,4095
2188,4095
2187,4095
2184,4095
2188,4095
2190,4095
2183,4095
2182,4095
2188,4095
2190,4095
2190,4095
2191,4095
2189,4095
2188,4095
2186,4095
2186,4095
2179,4095
2177,4095
2185,4095
2188,4095
2188,4095
2189,4095
2190,4095
2192,4095
2195,4095
2197,4095
2189,4095
2188,4095
2195,4095
2198,4095
2199,4095
2199,4095
2197,4095
2195,4095
2195,4095
2195,4095
2187,4095
2188,4095
2196,4095
2199,4095
2198,4095
2200,4095
2204,4095
2203,4095
2204,4095
2205,4095
2198,4095
2197,4095
2205,4095
2207,4095
2207,4095
2206,4095
2205,4095
2204,4095
2204,4095
2204,4095
2198,4095
2196,4095
2204,4095
2207,4095
2209,4095
2210,4095
2209,4095
2208,4095
2210,4095
2210,4095
2205,4095
2204,4095
2212,4095
2212,4095
2212,4095
2212,4095
2210,4095
2209,4095
2210,4095
2210,4095
2206,4095
2205,4095
2212,4095
2218,4095
2220,4095
2221,4095
2221,4095
2220,4095
2219,4095
2218,4095
2212,4095
2213,4095
2218,4095
2219,4095
2218,4095
2219,4095
2219,4095
2218,4095
2218,4095
2216,4095
2210,4095
2213,4095
2221,4095
2226,4095
2228,4095
2230,4095
2230,4095
2229,4095
2231,4095
2228,4095
2222,4095
2223,4095
2227,4095
2229,4095
2230,4095
2229,4095
2230,4095
2229,4095
2231,4095
2230,4095
2224,4095
2230,4095
2240,4095
2241,4095
2242,4095
2243,4095
2242,4095
2240,4095
2240,4095
2236,4095
2232,4095
2232,4095
2240,4095
2245,4095
2246,4095
2247,4095
2249,4095
2249,4095
2248,4095
2248,4095
2248,4095
2253,4095
2257,4095
2258,4095
2260,4095
2261,4095
2260,4095
2258,4095
2258,4095
2252,4095
2246,4095
2251,4095
2255,4095
2259,4095
2258,4095
2257,4095
2257,4095
2260,4095
2262,4095
2262,4095
2257,4095
2264,4095
2266,4095
2266,4095
2268,4095
2269,4095
2271,4095
2267,4095
2265,4095
2259,4095
2254,4095
2260,4095
2265,4095
2267,4095
2266,4095
2267,4095
2268,4095
2269,4095
2271,4095
2268,4095
2265,4095
2272,4095
2276,4095
2278,4095
2278,4095
2279,4095
2278,4095
2277,4095
2275,4095
2269,4095
2266,4095
2273,4095
2279,4095
2280,4095
2283,4095
2284,4095
2290,4095
2288,4095
2287,4095
2283,4095
2279,4095
2285,4095
2290,4095
2292,4095
2293,4095
2292,4095
2291,4095
2288,4095
2288,4095
2281,4095
2278,4095
2285,4095
2291,4095
2291,4095
2293,4095
2297,4095
2298,4095
2298,4095
2298,4095
2291,4095
2289,4095
2295,4095
2301,4095
2302,4095
2301,4095
2299,4095
2298,4095
2297,4095
2296,4095
2290,4095
2287,4095
2295,4095
2299,4095
2301,4095
2306,4095
2307,4095
2310,4095
2308,4095
2307,4095
2300,4095
2297,4095
2307,4095
2308,4095
2308,4095
2308,4095
2307,4095
2306,4095
2305,4095
2305,4095
2297,4095
2295,4095
2303,4095
2309,4095
2313,4095
2315,4095
2315,4095
2315,4095
2314,4095
2314,4095
2307,4095
2304,4095
2312,4095
2313,4095
2313,4095
2313,4095
2313,4095
2315,4095
2312,4095
2311,4095
2303,4095
2301,4095
2312,4095
2321,4095
2323,4095
2323,4095
2324,4095
2325,4095
2323,4095
2320,4095
2313,4095
2310,4095
2316,4095
2318,4095
2318,4095
2320,4095
2320,4095
2319,4095
2317,4095
2317,4095
2310,4095
2310,4095
2321,4095
2324,4095
2326,4095
2327,4095
2328,4095
2329,4095
2327,4095
2323,4095
2315,4095
2313,4095
2320,4095
2323,4095
2325,4095
2323,4095
2324,4095
2323,4095
2322,4095
2319,4095
2315,4095
2322,4095
2328,4095
2330,4095
2330,4095
2331,4095
2330,4095
2331,4095
2328,4095
2322,4095
2313,4095
2314,4095
2324,4095
2324,4095
2324,4095
2323,4095
2324,4095
2324,4095
2322,4095
2324,4095
2319,4095
2321,4095
2329,4095
2333,4095
2333,4095
2334,4095
2333,4095
2332,4095
2331,4095
2326,4095
2320,4095
2322,4095
2329,4095
2329,4095
2331,4095
2331,4095
2330,4095
2332,4095
2333,4095
2331,4095
2325,4095
2326,4095
2335,4095
2337,4095
2338,4095
2337,4095
2337,4095
2335,4095
2331,4095
2326,4095
2320,4095
2323,4095
2330,4095
2332,4095
2331,4095
2331,4095
2334,4095
2337,4095
2337,4095
2331,4095
2325,4095
2328,4095
2335,4095
2337,4095
2338,4095
2336,4095
2333,4095
2332,4095
2330,4095
2324,4095
2318,4095
2322,4095
2329,4095
2329,4095
2330,4095
2332,4095
2335,4095
2336,4095
2337,4095
2330,4095
2323,4095
2328,4095
2333,4095
2337,4095
2335,4095
2333,4095
2331,4095
2332,4095
2332,4095
2322,4095
2317,4095
2323,4095
2331,4095
2329,4095
2333,4095
2334,4095
2337,4095
2339,4095
2337,4095
2328,4095
2323,4095
2329,4095
2338,4095
2336,4095
2336,4095
2335,4095
2334,4095
2334,4095
2332,4095
2325,4095
2321,4095
2328,4095
2333,4095
2339,4095
2341,4095
2342,4095
2345,4095
2344,4095
2342,4095
2336,4095
2329,4095
2337,4095
2341,4095
2340,4095
2339,4095
2339,4095
2339,4095
2339,4095
2338,4095
2330,4095
2326,4095
2334,4095
2343,4095
2345,4095
2347,4095
2347,4095
2348,4095
2347,4095
2347,4095
2338,4095
2332,4095
2338,4095
2341,4095
2342,4095
2342,4095
2343,4095
2343,4095
2344,4095
2343,4095
2334,4095
2332,4095
2343,4095
2350,4095
2350,4095
2352,4095
2356,4095
2355,4095
2353,4095
2353,4095
2340,4095
2336,4095
2343,4095
2347,4095
2347,4095
2346,4095
2348,4095
2349,4095
2348,4095
2348,4095
2339,4095
2339,4095
2351,4095
2355,4095
2356,4095
2355,4095
2355,4095
2356,4095
2356,4095
2352,4095
2341,4095
2335,4095
2345,4095
2350,4095
2350,4095
2351,4095
2350,4095
2351,4095
2352,4095
2353,4095
2345,4095
2344,4095
2354,4095
2357,4095
2359,4095
2361,4095
2361,4095
2363,4095
2362,4095
2357,4095
2348,4095
2342,4095
2351,4095
2355,4095
2358,4095
2358,4095
2360,4095
2359,4095
2364,4095
2369,4095
2353,4095
2350,4095
2360,4095
2364,4095
2365,4095
2366,4095
2365,4095
2363,4095
2361,4095
2359,4095
2350,4095
2350,4095
2359,4095
2363,4095
2364,4095
2366,4095
2367,4095
2374,4095
2376,4095
2375,4095
2361,4095
2361,4095
2372,4095
2378,4095
2379,4095
2377,4095
2374,4095
2372,4095
2371,4095
2368,4095
2358,4095
2356,4095
2366,4095
2373,4095
2371,4095
2372,4095
2376,4095
2377,4095
2377,4095
2375,4095
2364,4095
2363,4095
2374,4095
2377,4095
2377,4095
2375,4095
2373,4095
2372,4095
2372,4095
2369,4095
2358,4095
2357,4095
2366,4095
2372,4095
2374,4095
2377,4095
2378,4095
2378,4095
2379,4095
2376,4095
2366,4095
2371,4095
2375,4095
2375,4095
2375,4095
2374,4095
2374,4095
2373,4095
2376,4095
2375,4095
2366,4095
2365,4095
2377,4095
2382,4095
2386,4095
2388,4095
2388,4095
2388,4095
2389,4095
2385,4095
2377,4095
2377,4095
2384,4095
2385,4095
2385,4095
2382,4095
2383,4095
2384,4095
2384,4095
2380,4095
2371,4095
2373,4095
2384,4095
2390,4095
2392,4095
2390,4095
2391,4095
2391,4095
2391,4095
2389,4095
2379,4095
2380,4095
2386,4095
2387,4095
2387,4095
2386,4095
2386,4095
2387,4095
2386,4095
2379,4095
2371,4095
2379,4095
2388,4095
2391,4095
2393,4095
2393,4095
2393,4095
2391,4095
2392,4095
2386,4095
2374,4095
2375,4095
2382,4095
2383,4095
2384,4095
2387,4095
2389,4095
2389,4095
2389,4095
2383,4095
2377,4095
2382,4095
2389,4095
2393,4095
2391,4095
2392,4095
2392,4095
2396,4095
2397,4095
2384,4095
2376,4095
2378,4095
2385,4095
2387,4095
2389,4095
2389,4095
2387,4095
2388,4095
2389,4095
2385,4095
2379,4095
2383,4095
2391,4095
2393,4095
2394,4095
2393,4095
2395,4095
2393,4095
2391,4095
2381,4095
2373,4095
2380,4095
2388,4095
2388,4095
2389,4095
2390,4095
2391,4095
2392,4095
2396,4095
2390,4095
2383,4095
2390,4095
2397,4095
2398,4095
2397,4095
2403,4095
2401,4095
2398,4095
2397,4095
2389,4095
2385,4095
2389,4095
2395,4095
2397,4095
2397,4095
2398,4095
2399,4095
2402,4095
2403,4095
2395,4095
2389,4095
2396,4095
2402,4095
2404,4095
2405,4095
2403,4095
2400,4095
2399,4095
2400,4095
2392,4095
2386,4095
2392,4095
2398,4095
2399,4095
2402,4095
2405,4095
2407,4095
2409,4095
2408,4095
2400,4095
2395,4095
2401,4095
2407,4095
2408,4095
2411,4095
2412,4095
2410,4095
2411,4095
2409,4095
2400,4095
2394,4095
2400,4095
2407,4095
2409,4095
2414,4095
2416,4095
2417,4095
2416,4095
2417,4095
2408,4095
2402,4095
2408,4095
2413,4095
2414,4095
2413,4095
2413,4095
2412,4095
2413,4095
2413,4095
2405,4095
2399,4095
2407,4095
2412,4095
2419,4095
2420,4095
2421,4095
2421,4095
2422,4095
2421,4095
2414,4095
2409,4095
2415,4095
2422,4095
2420,4095
2421,4095
2423,4095
2426,4095
2425,4095
2426,4095
2417,4095
2413,4095
2422,4095
2430,4095
2433,4095
2435,4095
2436,4095
2437,4095
2437,4095
2435,4095
2425,4095
2422,4095
2426,4095
2430,4095
2431,4095
2433,4095
2433,4095
2431,4095
2433,4095
2436,4095
2425,4095
2424,4095
2438,4095
2443,4095
2443,4095
2446,4095
2445,4095
2447,4095
2448,4095
2445,4095
2435,4095
2431,4095
2444,4095
2446,4095
2445,4095
2445,4095
2446,4095
2447,4095
2447,4095
2444,4095
2438,4095
2438,4095
2447,4095
2450,4095
2449,4095
2448,4095
2450,4095
2448,4095
2448,4095
2443,4095
2435,4095
2429,4095
2439,4095
2442,4095
2444,4095
2443,4095
2449,4095
2444,4095
2444,4095
2447,4095
2442,4095
2441,4095
2448,4095
2452,4095
2453,4095
2454,4095
2456,4095
2453,4095
2453,4095
2448,4095
2441,4095
2437,4095
2440,4095
2447,4095
2449,4095
2449,4095
2449,4095
2450,4095
2453,4095
2452,4095
2443,4095
2443,4095
2449,4095
2452,4095
2454,4095
2453,4095
2454,4095
2451,4095
2450,4095
2445,4095
2438,4095
2438,4095
2444,4095
2448,4095
2449,4095
2449,4095
2450,4095
2452,4095
2454,4095
2451,4095
2444,4095
2444,4095
2451,4095
2454,4095
2457,4095
2457,4095
2454,4095
2450,4095
2452,4095
2446,4095
2439,4095
2439,4095
2446,4095
2449,4095
2451,4095
2452,4095
2457,4095
2455,4095
2456,4095
2453,4095
2444,4095
2445,4095
2450,4095
2453,4095
2453,4095
2454,4095
2453,4095
2451,4095
2451,4095
2445,4095
2439,4095
2440,4095
2445,4095
2447,4095
2451,4095
2455,4095
2456,4095
2455,4095
2456,4095
2450,4095
2444,4095
2447,4095
2454,4095
2453,4095
2451,4095
2450,4095
2452,4095
2454,4095
2451,4095
2445,4095
2439,4095
2441,4095
2445,4095
2449,4095
2457,4095
2456,4095
2456,4095
2456,4095
2455,4095
2448,4095
2444,4095
2447,4095
2449,4095
2448,4095
2450,4095
2450,4095
2451,4095
2449,4095
2450,4095
2443,4095
2438,4095
2442,4095
2449,4095
2453,4095
2455,4095
2456,4095
2458,4095
2456,4095
2457,4095
2449,4095
2443,4095
2448,4095
2448,4095
2450,4095
2452,4095
2455,4095
2456,4095
2455,4095
2455,4095
2445,4095
2440,4095
2450,4095
2455,4095
2457,4095
2459,4095
2460,4095
2460,4095
2460,4095
2460,4095
2450,4095
2445,4095
2447,4095
2451,4095
2451,4095
2454,4095
2453,4095
2454,4095
2453,4095
2454,4095
2445,4095
2445,4095
2453,4095
2458,4095
2459,4095
2460,4095
2460,4095
2460,4095
2461,4095
2459,4095
2449,4095
2443,4095
2449,4095
2453,4095
2456,4095
2456,4095
2456,4095
2456,4095
2455,4095
2457,4095
2453,4095
2449,4095
2457,4095
2458,4095
2459,4095
2461,4095
2460,4095
2461,4095
2459,4095
2458,4095
2447,4095
2444,4095
2449,4095
2452,4095
2452,4095
2455,4095
2456,4095
2454,4095
2457,4095
2460,4095
2452,4095
2448,4095
2456,4095
2457,4095
2459,4095
2461,4095
2460,4095
2459,4095
2457,4095
2457,4095
2447,4095
2443,4095
2451,4095
2453,4095
2454,4095
2456,4095
2455,4095
2459,4095
2460,4095
2461,4095
2451,4095
2448,4095
2454,4095
2458,4095
2458,4095
2461,4095
2459,4095
2457,4095
2456,4095
2455,4095
2446,4095
2445,4095
2452,4095
2452,4095
2453,4095
2456,4095
2459,4095
2461,4095
2461,4095
2459,4095
2452,4095
2449,4095
2457,4095
2458,4095
2459,4095
2460,4095
2457,4095
2455,4095
2457,4095
2454,4095
2446,4095
2445,4095
2453,4095
2453,4095
2454,4095
2460,4095
2462,4095
2462,4095
2461,4095
2460,4095
2452,4095
2453,4095
2461,4095
2461,4095
2459,4095
2460,4095
2458,4095
2459,4095
2458,4095
2457,4095
2447,4095
2446,4095
2456,4095
2455,4095
2459,4095
2463,4095
2464,4095
2464,4095
2464,4095
2462,4095
2453,4095
2454,4095
2460,4095
2459,4095
2456,4095
2458,4095
2460,4095
2461,4095
2461,4095
2459,4095
2449,4095
2447,4095
2457,4095
2462,4095
2463,4095
2466,4095
2466,4095
2467,4095
2465,4095
2462,4095
2452,4095
2451,4095
2456,4095
2455,4095
2454,4095
2455,4095
2455,4095
2458,4095
2460,4095
2458,4095
2448,4095
2452,4095
2462,4095
2460,4095
2460,4095
2463,4095
2464,4095
2463,4095
2463,4095
2459,4095
2449,4095
2448,4095
2455,4095
2455,4095
2456,4095
2457,4095
2457,4095
2458,4095
2463,4095
2456,4095
2451,4095
2454,4095
2460,4095
2459,4095
2459,4095
2461,4095
2461,4095
2461,4095
2460,4095
2454,4095
2445,4095
2447,4095
2453,4095
2453,4095
2453,4095
2455,4095
2456,4095
2457,4095
2456,4095
2455,4095
2449,4095
2453,4095
2459,4095
2460,4095
2459,4095
2460,4095
2460,4095
2460,4095
2460,4095
2451,4095
2444,4095
2448,4095
2453,4095
2453,4095
2453,4095
2454,4095
2458,4095
2459,4095
2460,4095
2455,4095
2449,4095
2453,4095
2459,4095
2458,4095
2458,4095
2460,4095
2460,4095
2458,4095
2455,4095
2449,4095
2443,4095
2448,4095
2454,4095
2455,4095
2453,4095
2455,4095
2456,4095
2460,4095
2461,4095
2455,4095
2449,4095
2453,4095
2458,4095
2459,4095
2458,4095
2459,4095
2457,4095
2456,4095
2455,4095
2447,4095
2443,4095
2448,4095
2452,4095
2452,4095
2454,4095
2459,4095
2460,4095
2460,4095
2462,4095
2453,4095
2448,4095
2455,4095
2459,4095
2459,4095
2456,4095
2456,4095
2456,4095
2455,4095
2455,4095
2449,4095
2444,4095
2450,4095
2452,4095
2451,4095
2455,4095
2459,4095
2460,4095
2459,4095
2459,4095
2450,4095
2446,4095
2452,4095
2457,4095
2455,4095
2451,4095
2452,4095
2452,4095
2452,4095
2451,4095
2444,4095
2440,4095
2447,4095
2453,4095
2455,4095
2456,4095
2458,4095
2458,4095
2459,4095
2459,4095
2450,4095
2446,4095
2454,4095
2456,4095
2452,4095
2450,4095
2452,4095
2456,4095
2454,4095
2455,4095
2446,4095
2441,4095
2450,4095
2456,4095
2455,4095
2455,4095
2457,4095
2459,4095
2459,4095
2459,4095
2450,4095
2446,4095
2452,4095
2452,4095
2451,4095
2450,4095
2451,4095
2453,4095
2453,4095
2453,4095
2444,4095
2441,4095
2456,4095
2459,4095
2457,4095
2458,4095
2458,4095
2458,4095
2459,4095
2459,4095
2448,4095
2443,4095
2449,4095
2453,4095
2453,4095
2451,4095
2453,4095
2452,4095
2452,4095
2451,4095
2443,4095
2443,4095
2453,4095
2457,4095
2457,4095
2456,4095
2457,4095
2461,4095
2460,4095
2459,4095
2445,4095
2441,4095
2452,4095
2455,4095
2455,4095
2453,4095
2456,4095
2455,4095
2456,4095
2456,4095
2451,4095
2449,4095
2458,4095
2461,4095
2460,4095
2457,4095
2460,4095
2463,4095
2459,4095
2456,4095
2446,4095
2444,4095
2452,4095
2454,4095
2454,4095
2452,4095
2454,4095
2454,4095
2457,4095
2459,4095
2450,4095
2449,4095
2458,4095
2459,4095
2459,4095
2458,4095
2460,4095
2458,4095
2456,4095
2452,4095
2443,4095
2442,4095
2451,4095
2455,4095
2454,4095
2454,4095
2453,4095
2456,4095
2460,4095
2459,4095
2450,4095
2448,4095
2456,4095
2457,4095
2456,4095
2455,4095
2456,4095
2457,4095
2456,4095
2452,4095
2444,4095
2443,4095
2449,4095
2451,4095
2452,4095
2452,4095
2457,4095
2458,4095
2459,4095
2455,4095
2447,4095
2449,4095
2459,4095
2457,4095
2457,4095
2453,4095
2452,4095
2452,4095
2453,4095
2448,4095
2441,4095
2442,4095
2450,4095
2451,4095
2452,4095
2453,4095
2457,4095
2461,4095
2460,4095
2455,4095
2448,4095
2451,4095
2456,4095
2456,4095
2456,4095
2451,4095
2452,4095
2452,4095
2453,4095
2447,4095
2440,4095
2444,4095
2450,4095
2453,4095
2456,4095
2455,4095
2456,4095
2458,4095
2457,4095
2452,4095
2446,4095
2450,4095
2455,4095
2454,4095
2452,4095
2450,4095
2451,4095
2452,4095
2453,4095
2447,4095
2441,4095
2445,4095
2454,4095
2457,4095
2456,4095
2457,4095
2460,4095
2460,4095
2459,4095
2452,4095
2446,4095
2451,4095
2453,4095
2452,4095
2451,4095
2449,4095
2450,4095
2452,4095
2454,4095
2447,4095
2440,4095
2447,4095
2455,4095
2456,4095
2456,4095
2454,4095
2456,4095
2457,4095
2457,4095
2451,4095
2444,4095
2446,4095
2450,4095
2451,4095
2451,4095
2449,4095
2450,4095
2451,4095
2452,4095
2444,4095
2443,4095
2450,4095
2455,4095
2459,4095
2460,4095
2456,4095
2457,4095
2458,4095
2458,4095
2449,4095
2440,4095
2444,4095
2449,4095
2451,4095
2451,4095
2450,4095
2450,4095
2451,4095
2452,4095
2448,4095
2444,4095
2450,4095
2456,4095
2456,4095
2457,4095
2455,4095
2455,4095
2455,4095
2455,4095
2445,4095
2439,4095
2445,4095
2450,4095
2451,4095
2451,4095
2449,4095
2450,4095
2452,4095
2455,4095
2449,4095
2444,4095
2452,4095
2459,4095
2459,4095
2459,4095
2457,4095
2454,4095
2452,4095
2451,4095
2443,4095
2439,4095
2445,4095
2450,4095
2451,4095
2450,4095
2449,4095
2450,4095
2455,4095
2456,4095
2448,4095
2444,4095
2451,4095
2455,4095
2456,4095
2456,4095
2452,4095
2451,4095
2451,4095
2451,4095
2442,4095
2438,4095
2446,4095
2449,4095
2450,4095
2450,4095
2452,4095
2454,4095
2455,4095
2456,4095
2447,4095
2447,4095
2453,4095
2457,4095
2455,4095
2453,4095
2450,4095
2449,4095
2450,4095
2450,4095
2443,4095
2441,4095
2448,4095
2450,4095
2451,4095
2457,4095
2457,4095
2458,4095
2459,4095
2460,4095
2449,4095
2447,4095
2455,4095
2457,4095
2457,4095
2453,4095
2451,4095
2450,4095
2452,4095
2453,4095
2443,4095
2441,4095
2450,4095
2452,4095
2459,4095
2458,4095
2458,4095
2458,4095
2459,4095
2460,4095
2451,4095
2449,4095
2456,4095
2456,4095
2456,4095
2454,4095
2452,4095
2452,4095
2453,4095
2451,4095
2441,4095
2439,4095
2447,4095
2455,4095
2458,4095
2457,4095
2456,4095
2457,4095
2456,4095
2455,4095
2446,4095
2443,4095
2449,4095
2450,4095
2450,4095
2452,4095
2450,4095
2449,4095
2453,4095
2451,4095
2440,4095
2443,4095
2454,4095
2457,4095
2457,4095
2455,4095
2452,4095
2453,4095
2460,4095
2458,4095
2447,4095
2444,4095
2449,4095
2450,4095
2450,4095
2450,4095
2447,4095
2448,4095
2449,4095
2447,4095
2441,4095
2444,4095
2452,4095
2455,4095
2454,4095
2455,4095
2454,4095
2452,4095
2454,4095
2450,4095
2440,4095
2440,4095
2447,4095
2449,4095
2450,4095
2449,4095
2447,4095
2447,4095
2451,4095
2449,4095
2444,4095
2445,4095
2452,4095
2454,4095
2456,4095
2456,4095
2456,4095
2458,4095
2454,4095
2448,4095
2439,4095
2441,4095
2446,4095
2449,4095
2450,4095
2450,4095
2449,4095
2448,4095
2452,4095
2450,4095
2444,4095
2447,4095
2453,4095
2455,4095
2455,4095
2456,4095
2453,4095
2451,4095
2451,4095
2444,4095
2438,4095
2442,4095
2447,4095
2449,4095
2450,4095
2451,4095
2448,4095
2451,4095
2453,4095
2450,4095
2444,4095
2448,4095
2453,4095
2455,4095
2457,4095
2458,4095
2454,4095
2448,4095
2449,4095
2444,4095
2438,4095
2442,4095
2448,4095
2449,4095
2450,4095
2451,4095
2452,4095
2453,4095
2454,4095
2449,4095
2443,4095
2449,4095
2455,4095
2455,4095
2454,4095
2452,4095
2450,4095
2449,4095
2450,4095
2443,4095
2438,4095
2444,4095
2449,4095
2450,4095
2451,4095
2454,4095
2455,4095
2453,4095
2455,4095
2449,4095
2443,4095
2449,4095
2454,4095
2457,4095
2452,4095
2453,4095
2449,4095
2448,4095
2449,4095
2443,4095
2437,4095
2444,4095
2448,4095
2453,4095
2455,4095
2455,4095
2454,4095
2453,4095
2455,4095
2448,4095
2443,4095
2449,4095
2453,4095
2451,4095
2450,4095
2450,4095
2448,4095
2448,4095
2452,4095
2442,4095
2437,4095
2444,4095
2452,4095
2455,4095
2456,4095
2456,4095
2454,4095
2454,4095
2455,4095
2447,4095
2442,4095
2450,4095
2452,4095
2451,4095
2450,4095
2450,4095
2448,4095
2447,4095
2449,4095
2442,4095
2437,4095
2450,4095
2454,4095
2455,4095
2455,4095
2456,4095
2454,4095
2453,4095
2454,4095
2447,4095
2441,4095
2446,4095
2449,4095
2450,4095
2450,4095
2452,4095
2449,4095
2448,4095
2451,4095
2441,4095
2440,4095
2449,4095
2454,4095
2455,4095
2458,4095
2455,4095
2454,4095
2454,4095
2456,4095
2447,4095
2442,4095
2449,4095
2452,4095
2454,4095
2453,4095
2456,4095
2453,4095
2452,4095
2451,4095
2450,4095
2446,4095
2456,4095
2458,4095
2460,4095
2461,4095
2460,4095
2457,4095
2456,4095
2457,4095
2447,4095
2444,4095
2452,4095
2455,4095
2455,4095
2456,4095
2455,4095
2454,4095
2456,4095
2458,4095
2451,4095
2449,4095
2459,4095
2459,4095
2460,4095
2461,4095
2460,4095
2457,4095
2454,4095
2454,4095
2446,4095
2445,4095
2451,4095
2452,4095
2452,4095
2452,4095
2454,4095
2454,4095
2455,4095
2455,4095
2449,4095
2450,4095
2457,4095
2458,4095
2460,4095
2458,4095
2457,4095
2454,4095
2450,4095
2451,4095
2445,4095
2444,4095
2451,4095
2454,4095
2455,4095
2453,4095
2457,4095
2457,4095
2457,4095
2455,4095
2447,4095
2448,4095
2458,4095
2461,4095
2461,4095
2459,4095
2456,4095
2458,4095
2457,4095
2453,4095
2444,4095
2443,4095
2452,4095
2453,4095
2454,4095
2458,4095
2460,4095
2460,4095
2459,4095
2457,4095
2449,4095
2450,4095
2458,4095
2460,4095
2461,4095
2457,4095
2457,4095
2454,4095
2453,4095
2450,4095
2446,4095
2445,4095
2454,4095
2457,4095
2462,4095
2463,4095
2464,4095
2464,4095
2464,4095
2461,4095
2457,4095
2459,4095
2465,4095
2465,4095
2464,4095
2464,4095
2465,4095
2464,4095
2462,4095
2458,4095
2452,4095
2454,4095
2463,4095
2470,4095
2471,4095
2471,4095
2472,4095
2472,4095
2472,4095
2470,4095
2462,4095
2462,4095
2468,4095
2468,4095
2469,4095
2469,4095
2470,4095
2467,4095
2466,4095
2467,4095
2460,4095
2466,4095
2480,4095
2483,4095
2484,4095
2484,4095
2487,4095
2486,4095
2484,4095
2481,4095
2475,4095
2477,4095
2482,4095
2484,4095
2486,4095
2486,4095
2491,4095
2486,4095
2484,4095
2479,4095
2480,4095
2487,4095
2497,4095
2500,4095
2501,4095
2500,4095
2500,4095
2499,4095
2498,4095
2487,4095
2483,4095
2490,4095
2495,4095
2497,4095
2499,4095
2499,4095
2500,4095
2500,4095
2500,4095
2499,4095
2498,4095
2504,4095
2508,4095
2514,4095
2514,4095
2516,4095
2517,4095
2518,4095
2515,4095
2506,4095
2500,4095
2506,4095
2513,4095
2517,4095
2515,4095
2517,4095
2518,4095
2518,4095
2523,4095
2519,4095
2520,4095
2524,4095
2533,4095
2534,4095
2536,4095
2534,4095
2538,4095
2533,4095
2531,4095
2523,4095
2520,4095
2530,4095
2535,4095
2536,4095
2541,4095
2541,4095
2545,4095
2549,4095
2550,4095
2541,4095
2539,4095
2545,4095
2550,4095
2554,4095
2554,4095
2555,4095
2555,4095
2552,4095
2551,4095
2542,4095
2543,4095
2553,4095
2558,4095
2556,4095
2555,4095
2557,4095
2565,4095
2561,4095
2558,4095
2546,4095
2546,4095
2552,4095
2570,4095
2570,4095
2569,4095
2571,4095
2572,4095
2573,4095
2566,4095
2561,4095
2563,4095
2571,4095
2573,4095
2576,4095
2576,4095
2576,4095
2584,4095
2586,4095
2580,4095
2575,4095
2575,4095
2583,4095
2591,4095
2604,4095
2603,4095
2603,4095
2603,4095
2601,4095
2603,4095
2596,4095
2596,4095
2600,4095
2608,4095
2616,4095
2616,4095
2619,4095
2619,4095
2630,4095
2633,4095
2616,4095
2620,4095
2628,4095
2630,4095
2629,4095
2627,4095
2628,4095
2633,4095
2630,4095
2637,4095
2622,4095
2631,4095
2640,4095
2652,4095
2649,4095
2659,4095
2664,4095
2669,4095
2671,4095
2665,4095
2655,4095
2656,4095
2675,4095
2682,4095
2683,4095
2679,4095
2681,4095
2687,4095
2690,4095
2694,4095
2683,4095
2673,4095
2700,4095
2723,4095
2729,4095
2731,4095
2730,4095
2731,4095
2730,4095
2730,4095
2731,4095
2732,4095
2748,4095
2747,4095
2756,4095
2753,4095
2759,4095
2759,4095
2760,4095
2762,4095
2758,4095
2760,4095
2769,4095
2771,4095
2782,4095
2785,4095
2788,4095
2779,4095
2794,4095
2794,4095
2794,4095
2813,4095
2826,4095
2835,4095
2841,4095
2847,4095
2849,4095
2856,4095
2869,4095
2865,4095
2862,4095
2869,4095
2883,4095
2887,4095
2881,4095
2890,4095
2886,4095
2909,4095
2910,4095
2910,4095
2919,4095
2931,4095
2941,4095
2953,4095
2942,4095
2966,4095
2962,4095
2956,4095
2949,4095
2971,4095
3003,4095
3034,4095
3038,4095
3059,4095
3076,4095
3077,4095
3079,4095
3076,4095
3071,4095
3065,4095
3067,4095
3065,4095
3104,4095
3116,4095
3126,4095
3138,4095
3151,4095
3142,4095
3147,4095
3155,4095
3145,4095
3182,4095
3198,4095
3206,4095
3202,4095
3189,4095
3187,4095
3211,4095
3217,4095
3225,4095
3254,4095
3266,4095
3302,4095
3298,4095
3320,4095
3327,4095
3351,4095
3378,4095
3382,4095
3416,4095
3411,4095
3385,4095
3502,4095
3438,4095
3441,4095
3479,4095
3534,4095
3534,4095
3563,4095
3568,4095
3590,4095
3587,4095
3598,4095
3640,4095
3683,4095
3762,4095
3764,4095
3774,4095
3771,4095
3803,4095
3816,4095
3827,4095
3827,4095
3832,4095
3829,4095
3841,4095
3851,4095
3850,4095
3855,4095
3887,4095
3880,4095
3886,4095
3960,4095
4026,4095
4084,4095
4088,4095
4091,4095
4092,4095
4094,4095
4095,4095
4094,4095
4091,4095
4093,4095
4095,4095
4095,4095
4093,4095
4092,4095
4093,4095
4095,4095
4095,4095
4095,4095
4091,4095
4095,4095
4095,4095
4095,4095
4095,4095
4095,4095
4095,4095
4095,4095
4095,4095
4095,4095
4095,4095
4095,4095
4095,4095
4095,4095
4095,4095
4095,4095
4095,4095
4095,4095
4095,4095
4095,4095
4092,4095
4095,4095
4095,4095
4095,4095
4095,4095
4095,4095
4095,4095
4095,4095
4095,4095
4095,4095
4094,4095
4095,4095
4095,4095
4095,4095
4095,4095
4095,4095
4095,4095
4095,4095
4095,4095
4095,4095
4093,4095
4095,4095
4095,4095
4095,4095
4095,4095
4095,4095
4095,4095
4095,4095
4095,4095
4095,4095
4095,4095
4095,4095
4095,4095
4095,4095
4095,4095
4095,4095
4095,4095
4095,4095
4095,4095
4095,4095
4095,4095
4095,4095
4095,4095
4095,4095
4095,4095
4095,4095
4095,4095
4095,4095
4095,4095
4095,4095
4095,4095
4095,4095
4095,4095
4095,4095
4095,4095
4095,4095
4095,4095
4095,4095
4095,4095
4094,4095
4095,4095
4095,4095
4095,4095
4095,4095
4095,4095
4095,4095
4095,4095
4095,4095
4095,4095
4095,4095
4095,4095
4095,4095
4095,4095
4095,4095
4095,4095
4095,4095
4095,4095
4095,4095
4095,4095
4095,4095
4095,4095
4095,4095
4095,4095
4095,4095
4095,4095
4095,4095
4095,4095
4095,4095
4095,4095
4095,4095
4095,4095
4095,4095
4095,4095
4095,4095
4095,4095
4095,4095
4095,4095
4095,4095
4095,4095
4095,4095
4095,4095
4095,4095
4095,4095
4095,4095
4095,4095
4095,4095
4095,4095
4095,4095
4095,4095
4095,4095
4095,4095
4095,4095
4095,4095
4095,4095
4095,4095
4095,4095
4095,4095
4095,4095
4095,4095
4094,4095
4095,4095
4095,4095
4095,4095
4095,4095
4095,4095
4095,4095
4095,4095
4095,4095
4095,4095
4094,4095
4095,4095
4095,4095
4095,4095
4095,4095
4095,4095
4095,4095
4095,4095
4095,4095
4095,4095
4095,4095
4095,4095
4095,4095
4095,4095
4095,4095
4095,4095
4095,4095
4095,4095
4095,4095
4095,4095
4093,4095
4095,4095
4095,4095
4095,4095
4095,4095
4095,4095
4095,4095
4095,4095
4095,4095
4095,4095
4095,4095
4095,4095
4095,4095
4095,4095
4095,4095
4095,4095
4095,4095
4095,4095
4095,4095
4095,4095
4093,4095
4095,4095
4095,4095
4095,4095
4095,4095
4095,4095
4095,4095
4095,4095
4095,4095
4095,4095
4095,4095
4095,4095
4095,4095
4095,4095
4095,4095
4095,4095
4095,4095
4095,4095
4095,4095
4095,4095
4095,4095
4095,4095
4095,4095
4095,4095
4095,4095
4095,4095
4095,4095
4095,4095
4095,4095
4095,4095
4095,4095
4095,4095
4095,4095
4095,4095
4095,4095
4095,4095
4095,4095
4095,4095
4095,4095
4095,4095
4095,4095
4095,4095
4095,4095
4095,4095
4095,4095
4095,4095
4095,4095
4095,4095
4095,4095
4095,4095
4095,4095
4095,4095
4095,4095
4095,4095
4095,4095
4095,4095
4095,4095
4095,4095
4095,4095
4095,4095
4095,4095
4095,4095
4095,4095
4095,4095
4095,4095
4095,4095
4095,4095
4095,4095
4095,4095
4095,4095
4095,4095
4095,4095
4095,4095
4095,4095
4095,4095
4095,4095
4095,4095
4095,4095
4095,4095
4095,4095
4095,4095
4095,4095
4095,4095
4095,4095
4095,4095
4095,4095
4095,4095
4095,4095
4095,4095
4095,4095
4095,4095
4095,4095
4095,4095
4095,4095
4095,4095
4095,4095
4095,4095
4095,4095
4095,4095
4095,4095
4095,4095
4095,4095
4095,4095
4095,4095
4095,4095
4095,4095
4095,4095
4095,4095
4095,4095
4095,4095
4095,4095
4095,4095
4095,4095
4095,4095
4095,4095
4095,4095
4095,4095
4095,4095
4095,4095
4095,4095
4095,4095
4095,4095
4095,4095
4095,4095
4095,4095
4095,4095
4095,4095
4095,4095
4095,4095
4095,4095
4095,4095
4095,4095
4095,4095
4095,4095
4095,4095
4095,4095
4095,4095
4095,4095
4095,4095
4095,4095
4095,4095
4095,4095
4095,4095
4095,4095
4095,4095
4095,4095
4095,4095
4095,4095
4095,4095
4095,4095
4095,4095
4095,4095
4095,4095
4095,4095
4095,4095
4095,4095
4095,4095
4095,4095
4095,4095
4095,4095
4095,4095
4095,4095
4095,4095
4095,4095
4095,4095
4095,4095
4095,4095
4095,4095
4095,4095
4095,4095
4095,4095
4095,4095
4095,4095
4095,4095
4095,4095
4095,4095
4095,4095
4095,4095
4095,4095
4095,4095
4095,4095
4095,4095
4095,4095
4095,4095
4095,4095
4095,4095
4095,4095
4095,4095
4095,4095
4095,4095
4095,4095
4095,4095
4095,4095
4095,4095
4095,4095
4095,4095
4095,4095
4095,4095
4095,4095
4095,4095
4095,4095
4095,4095
4095,4095
4095,4095
4095,4095
4095,4095
4095,4095
4095,4095
4095,4095
4095,4095
4095,4095
4095,4095
4095,4095
4095,4095
4095,4095
4095,4095
4095,4095
4095,4095
4095,4095
4095,4095
4095,4095
4095,4095
4095,4095
4095,4095
4095,4095
4095,4095
4095,4095
4095,4095
4095,4095
4095,4095
4095,4095
4095,4095
4095,4095
4095,4095
4095,4095
4095,4095
4095,4095
4095,4095
4095,4095
4095,4095
4095,4095
4095,4095
4095,4095
4095,4095
4095,4095
4095,4095
4095,4095
4095,4095
4095,4095
4095,4095
4095,4095
4095,4095
4095,4095
4095,4095
4095,4095
4095,4095
4095,4095
4095,4095
4095,4095
4095,4095
4095,4095
4095,4095
4095,4095
4095,4095
4095,4095
4095,4095
4095,4095
4095,4095
4095,4095
4095,4095
4095,4095
4095,4095
4095,4095
4095,4095
4095,4095
4095,4095
4095,4095
4095,4095
4095,4095
4095,4095
4095,4095
4095,4095
4095,4095
4095,4095
4095,4095
4095,4095
4095,4095
4095,4095
4095,4095
4095,4095
4095,4095
4095,4095
4095,4095
4095,4095
4095,4095
4095,4095
4095,4095
4095,4095
4095,4095
4095,4095
4095,4095
4095,4095
4095,4095
4095,4095
4095,4095
4095,4095
4095,4095
4095,4095
4095,4095
4095,4095
4095,4095
4095,4095
4095,4095
4095,4095
4095,4095
4095,4095
4095,4095
4095,4095
4095,4095
4095,4095
4095,4095
4095,4095
4095,4095
4095,4095
4095,4095
4095,4095
4095,4095
4095,4095
4095,4095
4095,4095
4095,4095
4095,4095
4095,4095
4095,4095
4095,4095
4095,4095
4095,4095
4095,4095
4095,4095
4095,4095
4095,4095
4095,4095
4095,4095
4095,4095
4095,4095
4095,4095
4095,4095
4095,4095
4095,4095
4095,4095
4095,4095
4095,4095
4095,4095
4095,4095
4095,4095
4095,4095
4095,4095
4095,4095
4095,4095
4095,4095
4095,4095
4095,4095
4095,4095
4095,4095
4095,4095
4095,4095
4095,4095
4095,4095
4095,4095
4095,4095
4095,4095
4095,4095
4095,4095
4095,4095
4095,4095
4095,4095
4095,4095
4095,4095
4095,4095
4095,4095
4095,4095
4095,4095
4095,4095
4095,4095
4095,4095
4095,4095
4095,4095
4095,4095
4095,4095
4095,4095
4095,4095
4095,4095
4095,4095
4095,4095
4095,4095
4095,4095
4095,4095
4095,4095
4095,4095
4095,4095
4095,4095
4095,4095
4095,4095
4095,4095
4095,4095
4095,4095
4095,4095
4095,4095
4095,4095
4095,4095
4095,4095
4095,4095
4095,4095
4095,4095
4095,4095
4095,4095
4095,4095
4095,4095
4095,4095
4095,4095
4095,4095
4095,4095
4095,4095
4095,4095
4095,4095
4095,4095
4095,4095
4095,4095
4095,4095
4095,4095
4095,4095
4095,4095
4095,4095
4095,4095
4095,4095
4095,4095
4095,4095
4095,4095
4095,4095
4095,4095
4095,4095
4095,4095
4095,4095
4095,4095
4095,4095
4095,4095
4095,4095
4095,4095
4095,4095
4095,4095
4095,4095
4095,4095
4095,4095
4095,4095
4095,4095
4095,4095
4095,4095
4095,4095
4095,4095
4095,4095
4095,4095
4095,4095
4095,4095
4095,4095
4095,4095
4095,4095
4095,4095
4095,4095
4095,4095
4095,4095
4095,4095
4095,4095
4095,4095
4095,4095
4095,4095
4095,4095
4095,4095
4095,4095
4095,4095
4095,4095
4095,4095
4095,4095
4095,4095
4095,4095
4095,4095
4095,4095
4095,4095
4095,4095
4094,4095
4095,4095
4095,4095
4095,4095
4095,4095
4095,4095
4095,4095
4095,4095
4095,4095
4095,4095
4095,4095
4095,4095
4095,4095
4095,4095
4095,4095
4095,4095
4095,4095
4095,4095
4095,4095
4095,4095
4095,4095
4095,4095
4095,4095
4095,4095
4095,4095
4095,4095
4095,4095
4095,4095
4095,4095
4095,4095
4095,4095
4095,4095
4095,4095
4095,4095
4095,4095
4095,4095
4095,4095
4095,4095
4095,4095
4095,4095
4095,4095
4095,4095
4095,4095
4095,4095
4095,4095
4095,4095
4095,4095
4095,4095
4095,4095
4095,4095
4095,4095
4095,4095
4095,4095
4095,4095
4095,4095
4095,4095
4095,4095
4095,4095
4095,4095
4095,4095
4095,4095
4095,4095
4095,4095
4095,4095
4095,4095
4095,4095
4095,4095
4095,4095
4095,4095
4095,4095
4095,4095
4095,4095
4095,4095
4095,4095
4095,4095
4095,4095
4095,4095
4095,4095
4095,4095
4095,4095
4095,4095
4095,4095
4095,4095
4095,4095
4095,4095
4095,4095
4095,4095
4095,4095
4095,4095
4095,4095
4095,4095
4095,4095
4095,4095
4095,4095
4095,4095
4095,4095
4095,4095
4095,4095
4095,4095
4095,4095
4095,4095
4095,4095
4095,4095
4095,4095
4095,4095
4095,4095
4095,4095
4095,4095
4095,4095
4095,4095
4095,4095
4095,4095
4095,4095
4095,4095
4095,4095
4095,4095
4095,4095
4095,4095
4095,4095
4095,4095
4095,4095
4095,4095
4095,4095
4095,4095
4095,4095
4095,4095
4095,4095
4095,4095
4095,4095
4095,4095
4095,4095
4095,4095
4095,4095
4095,4095
4095,4095
4095,4095
4095,4095
4095,4095
4095,4095
4095,4095
4095,4095
4095,4095
4095,4095
4095,4095
4095,4095
4095,4095
4095,4095
4095,4095
4095,4095
4095,4095
4095,4095
4095,4095
4095,4095
4095,4095
4095,4095
4095,4095
4095,4095
4095,4095
4095,4095
4095,4095
4095,4095
4095,4095
4095,4095
4095,4095
4095,4095
4095,4095
4095,4095
4095,4095
4095,4095
4095,4095
4095,4095
4095,4095
4095,4095
4095,4095
4095,4095
4095,4095
4095,4095
4095,4095
4095,4095
4095,4095
4095,4095
4095,4095
4095,4095
4095,4095
4095,4095
4095,4095
4095,4095
4095,4095
4095,4095
4095,4095
4095,4095
4095,4095
4095,4095
4095,4095
4095,4095
4095,4095
4095,4095
4095,4095
4095,4095
4095,4095
4095,4095
4095,4095
4095,4095
4095,4095
4095,4095
4095,4095
4095,4095
4095,4095
4095,4095
4095,4095
4095,4095
4095,4095
4095,4095
4095,4095
4095,4095
4095,4095
4095,4095
4095,4095
4095,4095
4095,4095
4095,4095
4095,4095
4095,4095
4095,4095
4095,4095
4095,4095
4095,4095
4095,4095
4095,4095
4095,4095
4095,4095
4095,4095
4095,4095
4095,4095
4095,4095
4095,4095
4095,4095
4095,4095
4095,4095
4095,4095
4095,4095
4095,4095
4095,4095
4095,4095
4095,4095
4095,4095
4095,4095
4095,4095
4095,4095
4095,4095
4095,4095
4095,4095
4095,4095
4095,4095
4095,4095
4095,4095
4095,4095
4095,4095
4095,4095
4095,4095
4095,4095
4095,4095
4095,4095
4095,4095
4095,4095
4095,4095
4095,4095
4095,4095
4095,4095
4095,4095
4095,4095
4095,4095
4095,4095
4095,4095
4095,4095
4095,4095
4095,4095
4095,4095
4095,4095
4095,4095
4095,4095
4095,4095
4095,4095
4095,4095
4095,4095
4095,4095
4095,4095
4095,4095
4095,4095
4095,4095
4095,4095
4095,4095
4095,4095
4095,4095
4095,4095
4095,4095
4095,4095
4095,4095
4095,4095
4095,4095
4095,4095
4095,4095
4095,4095
4095,4095
4095,4095
4095,4095
4095,4095
4095,4095
4095,4095
4095,4095
4095,4095
4095,4095
4095,4095
4095,4095
4095,4095
4095,4095
4095,4095
4095,4095
4095,4095
4095,4095
4095,4095
4095,4095
4095,4095
4095,4095
4095,4095
4095,4095
4095,4095
4095,4095
4095,4095
4095,4095
4095,4095
4095,4095
4095,4095
4095,4095
4095,4095
4095,4095
4095,4095
4095,4095
4095,4095
4095,4095
4095,4095
4095,4095
4095,4095
4095,4095
4095,4095
4095,4095
4095,4095
4095,4095
4095,4095
4095,4095
4095,4095
4095,4095
4095,4095
4095,4095
4095,4095
4095,4095
4095,4095
4095,4095
4095,4095
4095,4095
4095,4095
4095,4095
4095,4095
4095,4095
4095,4095
4095,4095
4095,4095
4095,4095
4095,4095
4095,4095
4095,4095
4095,4095
4095,4095
4095,4095
4095,4095
4095,4095
4095,4095
4095,4095
4095,4095
4095,4095
4095,4095
4095,4095
4095,4095
4095,4095
4095,4095
4095,4095
4095,4095
4095,4095
4095,4095
4095,4095
4095,4095
4095,4095
4095,4095
4095,4095
4095,4095
4095,4095
4095,4095
4095,4095
4095,4095
4095,4095
4095,4095
4095,4095
4095,4095
4095,4095
4095,4095
4095,4095
4095,4095
4095,4095
4095,4095
4095,4095
4095,4095
4095,4095
4095,4095
4095,4095
4095,4095
4095,4095
4095,4095
4095,4095
4095,4095
4095,4095
4095,4095
4095,4095
4095,4095
4095,4095
4095,4095
4095,4095
4095,4095
4095,4095
4095,4095
4095,4095
4095,4095
4095,4095
4095,4095
4095,4095
4095,4095
4095,4095
4095,4095
4095,4095
4095,4095
4095,4095
4095,4095
4095,4095
4095,4095
4095,4095
4095,4095
4095,4095
4095,4095
4095,4095
4095,4095
4095,4095
4095,4095
4095,4095
4095,4095
4095,4095
4095,4095
4095,4095
4095,4095
4095,4095
4095,4095
4095,4095
4095,4095
4095,4095
4095,4095
4095,4095
4095,4095
4095,4095
4095,4095
4095,4095
4095,4095
4095,4095
4095,4095
4095,4095
4095,4095
4095,4095
4095,4095
4095,4095
4095,4095
4095,4095
4095,4095
4095,4095
4095,4095
4095,4095
4095,4095
4095,4095
4095,4095
4095,4095
4095,4095
4095,4095
4095,4095
4095,4095
4095,4095
4095,4095
4095,4095
4095,4095
4095,4095
4095,4095
4095,4095
4095,4095
4095,4095
4095,4095
4095,4095
4095,4095
4095,4095
4095,4095
4095,4095
4095,4095
4095,4095
4095,4095
4095,4095
4095,4095
4095,4095
4095,4095
4095,4095
4095,4095
4095,4095
4095,4095
4095,4095
4095,4095
4095,4095
4095,4095
4095,4095
4095,4095
4095,4095
4095,4095
4095,4095
4095,4095
4095,4095
4095,4095
4095,4095
4095,4095
4095,4095
4095,4095
4095,4095
4095,4095
4095,4095
4095,4095
4095,4095
4095,4095
4095,4095
4095,4095
4095,4095
4095,4095
4095,4095
4095,4095
4095,4095
4095,4095
4095,4095
4095,4095
4095,4095
4095,4095
4095,4095
4095,4095
4095,4095
4095,4095
4095,4095
4095,4095
4095,4095
4095,4095
4095,4095
4095,4095
4095,4095
4095,4095
4095,4095
4095,4095
4095,4095
4095,4095
4095,4095
4095,4095
4095,4095
4095,4095
4095,4095
4095,4095
4095,4095
4095,4095
4095,4095
4095,4095
4095,4095
4095,4095
4095,4095
4095,4095
4095,4095
4095,4095
4095,4095
4095,4095
4095,4095
4095,4095
4095,4095
4095,4095
4094,4095
4095,4095
4095,4095
4095,4095
4095,4095
4095,4095
4095,4095
4095,4095
4095,4095
4095,4095
4095,4095
4095,4095
4095,4095
4095,4095
4095,4095
4095,4095
4095,4095
4095,4095
4095,4095
4095,4095
4095,4095
4095,4095
4095,4095
4095,4095
4095,4095
4095,4095
4095,4095
4095,4095
4095,4095
4095,4095
4095,4095
4095,4095
4095,4095
4095,4095
4095,4095
4095,4095
4095,4095
4095,4095
4095,4095
4095,4095
4095,4095
4095,4095
4095,4095
4095,4095
4095,4095
4095,4095
4095,4095
4095,4095
4095,4095
4095,4095
4095,4095
4095,4095
4095,4095
4095,4095
4095,4095
4095,4095
4095,4095
4095,4095
4095,4095
4095,4095
4095,4095
4095,4095
4095,4095
4095,4095
4095,4095
4095,4095
4095,4095
4095,4095
4095,4095
4095,4095
4095,4095
4095,4095
4095,4095
4095,4095
4095,4095
4095,4095
4095,4095
4095,4095
4095,4095
4095,4095
4095,4095
4095,4095
4095,4095
4095,4095
4095,4095
4095,4095
4095,4095
4095,4095
4095,4095
4095,4095
4095,4095
4095,4095
4095,4095
4095,4095
4095,4095
4095,4095
4095,4095
4095,4095
4095,4095
4095,4095
4095,4095
4095,4095
4095,4095
4095,4095
4095,4095
4095,4095
4095,4095
4095,4095
4095,4095
4095,4095
4095,4095
4095,4095
4095,4095
4095,4095
4095,4095
4095,4095
4095,4095
4095,4095
4095,4095
4095,4095
4095,4095
4095,4095
4095,4095
4095,4095
4095,4095
4095,4095
4095,4095
4095,4095
4095,4095
4095,4095
4095,4095
4095,4095
4095,4095
4095,4095
4095,4095
4095,4095
4095,4095
4095,4095
4095,4095
4095,4095
4095,4095
4095,4095
4095,4095
4095,4095
4095,4095
4095,4095
4095,4095
4095,4095
4095,4095
4095,4095
4095,4095
4095,4095
4095,4095
4095,4095
4095,4095
4095,4095
4095,4095
4095,4095
4095,4095
4095,4095
4095,4095
4095,4095
4095,4095
4095,4095
4095,4095
4095,4095
4095,4095
4095,4095
4095,4095
4095,4095
4095,4095
4095,4095
4095,4095
4095,4095
4095,4095
4095,4095
4095,4095
4095,4095
4095,4095
4095,4095
4095,4095
4095,4095
4095,4095
4095,4095
4095,4095
4095,4095
4095,4095
4095,4095
4095,4095
4095,4095
4095,4095
4095,4095
4095,4095
4095,4095
4095,4095
4095,4095
4095,4095
4095,4095
4095,4095
4095,4095
4095,4095
4095,4095
4095,4095
4095,4095
4095,4095
4095,4095
4095,4095
4095,4095
4095,4095
4095,4095
4095,4095
4095,4095
4095,4095
4095,4095
4095,4095
4095,4095
4095,4095
4095,4095
4095,4095
4095,4095
4095,4095
4095,4095
4095,4095
4095,4095
4095,4095
4095,4095
4095,4095
4095,4095
4095,4095
4095,4095
4095,4095
4095,4095
4095,4095
4095,4095
4095,4095
4095,4095
4095,4095
4095,4095
4095,4095
4095,4095
4095,4095
4095,4095
4095,4095
4095,4095
4095,4095
4095,4095
4095,4095
4095,4095
4095,4095
4095,4095
4095,4095
4095,4095
4095,4095
4095,4095
4095,4095
4095,4095
4095,4095
4095,4095
4095,4095
4095,4095
4095,4095
4095,4095
4095,4095
4095,4095
4095,4095
4095,4095
4095,4095
4095,4095
4095,4095
4095,4095
4095,4095
4095,4095
4095,4095
4095,4095
4095,4095
4095,4095
4095,4095
4095,4095
4095,4095
4095,4095
4095,4095
4095,4095
4095,4095
4095,4095
4095,4095
4095,4095
4095,4095
4095,4095
4095,4095
4095,4095
4095,4095
4095,4095
4095,4095
4095,4095
4095,4095
4095,4095
4095,4095
4095,4095
4095,4095
4095,4095
4095,4095
4095,4095
4095,4095
4095,4095
4095,4095
4095,4095
4095,4095
4095,4095
4095,4095
4095,4095
4095,4095
4095,4095
4095,4095
4095,4095
4095,4095
4095,4095
4095,4095
4095,4095
4095,4095
4095,4095
4095,4095
4095,4095
4095,4095
4095,4095
4095,4095
4095,4095
4095,4095
4095,4095
4095,4095
4095,4095
4095,4095
4095,4095
4095,4095
4095,4095
4095,4095
4095,4095
4095,4095
4095,4095
4095,4095
4095,4095
4095,4095
4095,4095
4095,4095
4095,4095
4095,4095
4095,4095
4095,4095
4095,4095
4095,4095
4095,4095
4095,4095
4095,4095
4095,4095
4095,4095
4095,4095
4095,4095
4095,4095
4095,4095
4095,4095
4095,4095
4095,4095
4095,4095
4095,4095
4095,4095
4095,4095
4095,4095
4095,4095
4095,4095
4095,4095
4095,4095
4095,4095
4095,4095
4095,4095
4095,4095
4095,4095
4095,4095
4095,4095
4095,4095
4095,4095
4095,4095
4095,4095
4095,4095
4095,4095
4095,4095
4095,4095
4095,4095
4095,4095
4095,4095
4095,4095
4095,4095
4095,4095
4095,4095
4095,4095
4095,4095
4095,4095
4095,4095
4095,4095
4095,4095
4095,4095
4095,4095
4095,4095
4095,4095
4095,4095
4095,4095
4095,4095
4095,4095
4095,4095
4095,4095
4094,4095
4095,4095
4095,4095
4095,4095
4095,4095
4095,4095
4095,4095
4095,4095
4095,4095
4095,4095
4095,4095
4095,4095
4095,4095
4095,4095
4095,4095
4095,4095
4095,4095
4095,4095
4095,4095
4095,4095
4095,4095
4095,4095
4095,4095
4095,4095
4095,4095
4095,4095
4095,4095
4095,4095
4095,4095
4095,4095
4095,4095
4095,4095
4095,4095
4095,4095
4095,4095
4095,4095
4095,4095
4095,4095
4095,4095
4095,4095
4094,4095
4095,4095
4095,4095
4095,4095
4095,4095
4095,4095
4095,4095
4095,4095
4095,4095
4095,4095
4094,4095
4095,4095
4095,4095
4095,4095
4095,4095
4095,4095
4095,4095
4095,4095
4095,4095
4095,4095
4092,4095
4095,4095
4095,4095
4095,4095
4095,4095
4095,4095
4095,4095
4095,4095
4095,4095
4095,4095
4095,4095
4095,4095
4095,4095
4095,4095
4095,4095
4095,4095
4095,4095
4095,4095
4095,4095
4095,4095
4095,4095
4095,4095
4095,4095
4095,4095
4095,4095
4095,4095
4095,4095
4095,4095
4095,4095
4095,4095
4094,4095
4095,4095
4095,4095
4095,4095
4095,4095
4095,4095
4095,4095
4095,4095
4095,4095
4095,4095
4095,4095
4095,4095
4095,4095
4095,4095
4095,4095
4095,4095
4095,4095
4095,4095
4095,4095
4095,4095
4095,4095
4095,4095
4095,4095
4095,4095
4095,4095
4095,4095
4095,4095
4095,4095
4095,4095
4095,4095
4095,4095
4095,4095
4095,4095
4095,4095
4095,4095
4095,4095
4095,4095
4095,4095
4095,4095
4095,4095
4095,4095
4095,4095
4095,4095
4095,4095
4095,4095
4095,4095
4095,4095
4095,4095
4095,4095
4095,4095
4095,4095
4095,4095
4095,4095
4095,4095
4095,4095
4095,4095
4095,4095
4095,4095
4095,4095
4095,4095
4095,4095
4095,4095
4095,4095
4095,4095
4095,4095
4095,4095
4095,4095
4095,4095
4095,4095
4095,4095
4095,4095
4095,4095
4095,4095
4095,4095
4095,4095
4095,4095
4095,4095
4095,4095
4095,4095
4095,4095
4095,4095
4095,4095
4095,4095
4095,4095
4095,4095
4095,4095
4095,4095
4095,4095
4095,4095
4095,4095
4095,4095
4095,4095
4095,4095
4095,4095
4095,4095
4095,4095
4095,4095
4095,4095
4095,4095
4095,4095
4095,4095
4095,4095
4095,4095
4095,4095
4095,4095
4095,4095
4095,4095
4095,4095
4095,4095
4095,4095
4095,4095
4095,4095
4095,4095
4095,4095
4095,4095
4095,4095
4095,4095
4095,4095
4095,4095
4095,4095
4095,4095
4095,4095
4095,4095
4095,4095
4095,4095
4095,4095
4095,4095
4095,4095
4095,4095
4095,4095
4095,4095
4095,4095
4095,4095
4095,4095
4095,4095
4095,4095
4095,4095
4095,4095
4095,4095
4095,4095
4095,4095
4095,4095
4095,4095
4095,4095
4095,4095
4095,4095
4095,4095
4095,4095
4095,4095
4095,4095
4095,4095
4095,4095
4095,4095
4095,4095
4095,4095
4095,4095
4095,4095
4095,4095
4095,4095
4095,4095
4095,4095
4095,4095
4095,4095
4095,4095
4095,4095
4095,4095
4095,4095
4095,4095
4095,4095
4095,4095
4095,4095
4095,4095
4095,4095
4095,4095
4095,4095
4095,4095
4095,4095
4095,4095
4095,4095
4095,4095
4095,4095
4095,4095
4095,4095
4095,4095
4095,4095
4095,4095
4095,4095
4095,4095
4095,4095
4095,4095
4095,4095
4095,4095
4095,4095
4095,4095
4095,4095
4095,4095
4095,4095
4095,4095
4095,4095
4095,4095
4095,4095
4095,4095
4095,4095
4095,4095
4095,4095
4095,4095
4095,4095
4095,4095
4095,4095
4095,4095
4095,4095
4095,4095
4095,4095
4095,4095
4095,4095
4095,4095
4095,4095
4095,4095
4095,4095
4094,4095
4095,4095
4095,4095
4095,4095
4095,4095
4095,4095
4095,4095
4095,4095
4095,4095
4095,4095
4095,4095
4095,4095
4095,4095
4095,4095
4095,4095
4095,4095
4095,4095
4095,4095
4095,4095
4095,4095
4095,4095
4095,4095
4095,4095
4095,4095
4095,4095
4095,4095
4095,4095
4095,4095
4095,4095
4095,4095
4095,4095
4095,4095
4095,4095
4095,4095
4095,4095
4095,4095
4095,4095
4095,4095
4095,4095
4095,4095
4095,4095
4095,4095
4095,4095
4095,4095
4095,4095
4095,4095
4095,4095
4095,4095
4095,4095
4095,4095
4095,4095
4095,4095
4095,4095
4095,4095
4095,4095
4095,4095
4095,4095
4095,4095
4095,4095
4095,4095
4095,4095
4095,4095
4095,4095
4095,4095
4095,4095
4095,4095
4095,4095
4095,4095
4095,4095
4095,4095
4095,4095
4095,4095
4095,4095
4095,4095
4095,4095
4095,4095
4095,4095
4095,4095
4095,4095
4095,4095
4095,4095
4095,4095
4095,4095
4095,4095
4095,4095
4095,4095
4095,4095
4095,4095
4095,4095
4095,4095
4095,4095
4095,4095
4095,4095
4095,4095
4095,4095
4095,4095
4095,4095
4095,4095
4095,4095
4095,4095
4095,4095
4095,4095
4095,4095
4095,4095
4095,4095
4095,4095
4095,4095
4095,4095
4095,4095
4095,4095
4095,4095
4095,4095
4095,4095
4095,4095
4095,4095
4095,4095
4095,4095
4095,4095
4095,4095
4095,4095
4095,4095
4095,4095
4095,4095
4095,4095
4095,4095
4095,4095
4095,4095
4095,4095
4095,4095
4095,4095
4095,4095
4095,4095
4095,4095
4095,4095
4095,4095
4095,4095
4095,4095
4095,4095
4095,4095
4095,4095
4095,4095
4095,4095
4095,4095
4095,4095
4095,4095
4095,4095
4095,4095
4095,4095
4095,4095
4095,4095
4095,4095
4095,4095
4095,4095
4095,4095
4095,4095
4095,4095
4095,4095
4095,4095
4095,4095
4095,4095
4095,4095
4095,4095
4095,4095
4095,4095
4095,4095
4095,4095
4095,4095
4095,4095
4095,4095
4095,4095
4095,4095
4095,4095
4095,4095
4095,4095
4095,4095
4095,4095
4095,4095
4095,4095
4095,4095
4095,4095
4095,4095
4095,4095
4095,4095
4095,4095
4095,4095
4095,4095
4095,4095
4095,4095
4095,4095
4095,4095
4095,4095
4095,4095
4095,4095
4095,4095
4095,4095
4095,4095
4095,4095
4095,4095
4095,4095
4095,4095
4095,4095
4095,4095
4095,4095
4095,4095
4095,4095
4095,4095
4095,4095
4095,4095
4095,4095
4094,4095
4095,4095
4095,4095
4095,4095
4095,4095
4095,4095
4095,4095
4095,4095
4095,4095
4095,4095
4094,4095
4095,4095
4095,4095
4095,4095
4095,4095
4095,4095
4095,4095
4095,4095
4095,4095
4095,4095
4095,4095
4095,4095
4095,4095
4095,4095
4095,4095
4095,4095
4095,4095
4095,4095
4095,4095
4095,4095
4095,4095
4095,4095
4095,4095
4095,4095
4095,4095
4095,4095
4095,4095
4095,4095
4095,4095
4095,4095
4095,4095
4095,4095
4095,4095
4095,4095
4095,4095
4095,4095
4095,4095
4095,4095
4095,4095
4095,4095
4094,4095
4095,4095
4095,4095
4095,4095
4095,4095
4095,4095
4095,4095
4095,4095
4095,4095
4095,4095
4095,4095
4095,4095
4095,4095
4095,4095
4095,4095
4095,4095
4095,4095
4095,4095
4095,4095
4095,4095
4095,4095
4095,4095
4095,4095
4095,4095
4095,4095
4095,4095
4095,4095
4095,4095
4095,4095
4095,4095
4095,4095
4095,4095
4095,4095
4095,4095
4095,4095
4095,4095
4095,4095
4095,4095
4095,4095
4095,4095
4095,4095
4095,4095
4095,4095
4095,4095
4095,4095
4095,4095
4095,4095
4095,4095
4095,4095
4095,4095
4095,4095
4095,4095
4095,4095
4095,4095
4095,4095
4095,4095
4095,4095
4095,4095
4095,4095
4095,4095
4095,4095
4095,4095
4095,4095
4095,4095
4095,4095
4095,4095
4095,4095
4095,4095
4095,4095
4095,4095
4095,4095
4095,4095
4095,4095
4095,4095
4095,4095
4095,4095
4095,4095
4095,4095
4095,4095
4095,4095
4095,4095
4095,4095
4095,4095
4095,4095
4095,4095
4095,4095
4095,4095
4095,4095
4095,4095
4095,4095
4095,4095
4095,4095
4095,4095
4095,4095
4095,4095
4095,4095
4095,4095
4095,4095
4095,4095
4095,4095
4095,4095
4095,4095
4095,4095
4095,4095
4095,4095
4095,4095
4095,4095
4095,4095
4095,4095
4095,4095
4095,4095
4095,4095
4095,4095
4095,4095
4095,4095
4095,4095
4095,4095
4095,4095
4095,4095
4095,4095
4095,4095
4095,4095
4095,4095
4095,4095
4095,4095
4095,4095
4095,4095
4095,4095
4095,4095
4095,4095
4095,4095
4095,4095
4095,4095
4095,4095
4095,4095
4095,4095
4095,4095
4095,4095
4095,4095
4095,4095
4095,4095
4095,4095
4095,4095
4095,4095
4095,4095
4095,4095
4095,4095
4095,4095
4095,4095
4095,4095
4095,4095
4095,4095
4095,4095
4095,4095
4095,4095
4095,4095
4095,4095
4095,4095
4095,4095
4095,4095
4095,4095
4095,4095
4095,4095
4095,4095
4095,4095
4095,4095
4095,4095
4095,4095
4095,4095
4094,4095
4095,4095
4095,4095
4095,4095
4095,4095
4095,4095
4095,4095
4095,4095
4095,4095
4095,4095
4095,4095
4095,4095
4095,4095
4095,4095
4095,4095
4095,4095
4095,4095
4095,4095
4095,4095
4095,4095
4095,4095
4095,4095
4095,4095
4095,4095
4095,4095
4095,4095
4095,4095
4095,4095
4095,4095
4095,4095
4095,4095
4095,4095
4095,4095
4095,4095
4095,4095
4095,4095
4095,4095
4095,4095
4095,4095
4095,4095
4094,4095
4095,4095
4095,4095
4095,4095
4095,4095
4095,4095
4095,4095
4095,4095
4095,4095
4095,4095
4095,4095
4095,4095
4095,4095
4095,4095
4095,4095
4095,4095
4095,4095
4095,4095
4095,4095
4095,4095
4095,4095
4095,4095
4095,4095
4095,4095
4095,4095
4095,4095
4095,4095
4095,4095
4095,4095
4095,4095
4095,4095
4095,4095
4095,4095
4095,4095
4095,4095
4095,4095
4095,4095
4095,4095
4095,4095
4095,4095
4095,4095
4095,4095
4095,4095
4095,4095
4095,4095
4095,4095
4095,4095
4095,4095
4095,4095
4095,4095
4095,4095
4095,4095
4095,4095
4095,4095
4095,4095
4095,4095
4095,4095
4095,4095
4095,4095
4095,4095
4095,4095
4095,4095
4095,4095
4095,4095
4095,4095
4095,4095
4095,4095
4095,4095
4095,4095
4095,4095
4095,4095
4095,4095
4095,4095
4095,4095
4095,4095
4095,4095
4095,4095
4095,4095
4095,4095
4095,4095
4095,4095
4095,4095
4095,4095
4095,4095
4095,4095
4095,4095
4095,4095
4095,4095
4095,4095
4095,4095
4095,4095
4095,4095
4095,4095
4095,4095
4095,4095
4095,4095
4095,4095
4095,4095
4095,4095
4095,4095
4095,4095
4095,4095
4095,4095
4095,4095
4095,4095
4095,4095
4095,4095
4095,4095
4095,4095
4095,4095
4095,4095
4095,4095
4095,4095
4095,4095
4095,4095
4095,4095
4095,4095
4095,4095
4095,4095
4095,4095
4095,4095
4095,4095
4095,4095
4095,4095
4095,4095
4095,4095
4095,4095
4095,4095
4095,4095
4095,4095
4095,4095
4095,4095
4095,4095
4095,4095
4095,4095
4095,4095
4095,4095
4095,4095
4095,4095
4095,4095
4095,4095
4095,4095
4095,4095
4095,4095
4095,4095
4095,4095
4095,4095
4095,4095
4095,4095
4095,4095
4095,4095
4095,4095
4095,4095
4095,4095
4095,4095
4095,4095
4095,4095
4095,4095
4095,4095
4095,4095
4095,4095
4095,4095
4095,4095
4095,4095
4095,4095
4095,4095
4095,4095
4095,4095
4095,4095
4095,4095
4095,4095
4095,4095
4095,4095
4095,4095
4095,4095
4095,4095
4095,4095
4095,4095
4095,4095
4095,4095
4095,4095
4095,4095
4095,4095
4095,4095
4095,4095
4095,4095
4095,4095
4095,4095
4095,4095
4095,4095
4095,4095
4095,4095
4095,4095
4095,4095
4095,4095
4095,4095
4095,4095
4095,4095
4095,4095
4095,4095
4095,4095
4095,4095
4095,4095
4095,4095
4095,4095
4095,4095
4095,4095
4095,4095
4095,4095
4095,4095
4095,4095
4095,4095
4095,4095
4095,4095
4095,4095
4095,4095
4095,4095
4095,4095
4095,4095
4095,4095
4095,4095
4095,4095
4095,4095
4095,4095
4095,4095
4095,4095
4095,4095
4095,4095
4095,4095
4095,4095
4095,4095
4095,4095
4095,4095
4095,4095
4095,4095
4095,4095
4095,4095
4095,4095
4095,4095
4095,4095
4095,4095
4095,4095
4095,4095
4095,4095
4095,4095
4095,4095
4095,4095
4095,4095
4095,4095
4095,4095
4095,4095
4095,4095
4095,4095
4095,4095
4095,4095
4095,4095
4095,4095
4095,4095
4095,4095
4095,4095
4095,4095
4095,4095
4095,4095
4095,4095
4095,4095
4095,4095
4095,4095
4095,4095
4095,4095
4095,4095
4095,4095
4095,4095
4095,4095
4095,4095
4095,4095
4095,4095
4095,4095
4095,4095
4095,4095
4095,4095
4095,4095
4095,4095
4095,4095
4095,4095
4095,4095
4095,4095
4095,4095
4095,4095
4095,4095
4095,4095
4095,4095
4095,4095
4095,4095
4095,4095
4095,4095
4095,4095
4095,4095
4095,4095
4095,4095
4094,4095
4095,4095
4095,4095
4095,4095
4095,4095
4095,4095
4095,4095
4095,4095
4095,4095
4095,4095
4095,4095
4095,4095
4095,4095
4095,4095
4095,4095
4095,4095
4095,4095
4095,4095
4095,4095
4095,4095
4095,4095
4095,4095
4095,4095
4095,4095
4095,4095
4095,4095
4095,4095
4095,4095
4095,4095
4095,4095
4095,4095
4095,4095
4095,4095
4095,4095
4095,4095
4095,4095
4095,4095
4095,4095
4095,4095
4095,4095
4095,4095
4095,4095
4095,4095
4095,4095
4095,4095
4095,4095
4095,4095
4095,4095
4095,4095
4095,4095
4095,4095
4095,4095
4095,4095
4095,4095
4095,4095
4095,4095
4095,4095
4095,4095
4095,4095
4095,4095
4095,4095
4095,4095
4095,4095
4095,4095
4095,4095
4095,4095
4095,4095
4095,4095
4095,4095
4095,4095
4095,4095
4095,4095
4095,4095
4095,4095
4095,4095
4095,4095
4095,4095
4095,4095
4095,4095
4095,4095
4095,4095
4095,4095
4095,4095
4095,4095
4095,4095
4095,4095
4095,4095
4095,4095
4095,4095
4095,4095
4095,4095
4095,4095
4095,4095
4095,4095
4095,4095
4095,4095
4095,4095
4095,4095
4095,4095
4095,4095
4095,4095
4095,4095
4095,4095
4095,4095
4095,4095
4095,4095
4095,4095
4095,4095
4095,4095
4095,4095
4095,4095
4095,4095
4095,4095
4095,4095
4095,4095
4095,4095
4095,4095
4095,4095
4095,4095
4095,4095
4095,4095
4095,4095
4095,4095
4095,4095
4095,4095
4095,4095
4095,4095
4095,4095
4095,4095
4095,4095
4095,4095
4095,4095
4095,4095
4095,4095
4095,4095
4095,4095
4095,4095
4095,4095
4095,4095
4095,4095
4095,4095
4095,4095
4095,4095
4095,4095
4095,4095
4095,4095
4095,4095
4095,4095
4095,4095
4095,4095
4095,4095
4095,4095
4095,4095
4095,4095
4095,4095
4095,4095
4095,4095
4095,4095
4095,4095
4095,4095
4095,4095
4095,4095
4095,4095
4095,4095
4095,4095
4095,4095
4095,4095
4095,4095
4095,4095
4095,4095
4095,4095
4095,4095
4095,4095
4095,4095
4095,4095
4095,4095
4095,4095
4095,4095
4095,4095
4095,4095
4095,4095
4095,4095
4095,4095
4095,4095
4095,4095
4095,4095
4095,4095
4095,4095
4095,4095
4093,4095
4095,4095
4095,4095
4095,4095
4095,4095
4095,4095
4095,4095
4095,4095
4095,4095
4095,4095
4095,4095
4095,4095
4095,4095
4095,4095
4095,4095
4095,4095
4095,4095
4095,4095
4095,4095
4095,4095
4095,4095
4095,4095
4095,4095
4095,4095
4095,4095
4095,4095
4095,4095
4095,4095
4095,4095
4095,4095
4095,4095
4095,4095
4095,4095
4095,4095
4095,4095
4095,4095
4095,4095
4095,4095
4095,4095
4095,4095
4095,4095
4095,4095
4095,4095
4095,4095
4095,4095
4095,4095
4095,4095
4095,4095
4095,4095
4095,4095
4095,4095
4095,4095
4095,4095
4095,4095
4095,4095
4095,4095
4095,4095
4095,4095
4095,4095
4095,4095
4095,4095
4095,4095
4095,4095
4095,4095
4095,4095
4095,4095
4095,4095
4095,4095
4095,4095
4095,4095
4095,4095
4095,4095
4095,4095
4095,4095
4095,4095
4095,4095
4095,4095
4095,4095
4095,4095
4095,4095
4095,4095
4095,4095
4095,4095
4095,4095
4095,4095
4095,4095
4095,4095
4095,4095
4095,4095
4095,4095
4095,4095
4095,4095
4095,4095
4095,4095
4095,4095
4095,4095
4095,4095
4095,4095
4095,4095
4095,4095
4095,4095
4095,4095
4095,4095
4095,4095
4095,4095
4095,4095
4095,4095
4095,4095
4095,4095
4095,4095
4095,4095
4095,4095
4095,4095
4095,4095
4095,4095
4095,4095
4095,4095
4095,4095
4095,4095
4095,4095
4095,4095
4095,4095
4095,4095
4095,4095
4095,4095
4095,4095
4095,4095
4095,4095
4095,4095
4095,4095
4095,4095
4095,4095
4095,4095
4095,4095
4095,4095
4095,4095
4095,4095
4095,4095
4095,4095
4095,4095
4095,4095
4095,4095
4095,4095
4095,4095
4095,4095
4095,4095
4095,4095
4095,4095
4095,4095
4095,4095
4095,4095
4095,4095
4095,4095
4095,4095
4095,4095
4095,4095
4095,4095
4095,4095
4095,4095
4095,4095
4095,4095
4095,4095
4095,4095
4095,4095
4095,4095
4095,4095
4095,4095
4095,4095
4095,4095
4095,4095
4095,4095
4095,4095
4095,4095
4095,4095
4095,4095
4095,4095
4095,4095
4095,4095
4095,4095
4095,4095
4095,4095
4095,4095
4095,4095
4095,4095
4095,4095
4095,4095
4095,4095
4095,4095
4095,4095
4095,4095
4095,4095
4095,4095
4095,4095
4095,4095
4095,4095
4095,4095
4095,4095
4095,4095
4095,4095
4095,4095
4095,4095
4095,4095
4095,4095
4095,4095
4095,4095
4095,4095
4095,4095
4095,4095
4095,4095
4095,4095
4095,4095
4095,4095
4095,4095
4095,4095
4095,4095
4095,4095
4095,4095
4095,4095
4095,4095
4095,4095
4095,4095
4095,4095
4095,4095
4095,4095
4095,4095
4095,4095
4095,4095
4095,4095
4095,4095
4095,4095
4095,4095
4095,4095
4095,4095
4095,4095
4095,4095
4095,4095
4095,4095
4095,4095
4095,4095
4095,4095
4095,4095
4095,4095
4095,4095
4095,4095
4095,4095
4095,4095
4095,4095
4095,4095
4095,4095
4095,4095
4095,4095
4095,4095
4095,4095
4095,4095
4095,4095
4095,4095
4095,4095
4095,4095
4095,4095
4095,4095
4095,4095
4095,4095
4095,4095
4095,4095
4095,4095
4095,4095
4095,4095
4095,4095
4095,4095
4095,4095
4095,4095
4095,4095
4095,4095
4095,4095
4095,4095
4095,4095
4095,4095
4095,4095
4095,4095
4095,4095
4095,4095
4095,4095
4095,4095
4095,4095
4095,4095
4095,4095
4095,4095
4095,4095
4095,4095
4095,4095
4095,4095
4095,4095
4095,4095
4095,4095
4095,4095
4095,4095
4095,4095
4095,4095
4095,4095
4095,4095
4095,4095
4095,4095
4095,4095
4095,4095
4095,4095
4095,4095
4095,4095
4095,4095
4095,4095
4095,4095
4095,4095
4095,4095
4095,4095
4095,4095
4095,4095
4095,4095
4095,4095
4095,4095
4095,4095
4094,4095
4095,4095
4095,4095
4095,4095
4095,4095
4095,4095
4095,4095
4095,4095
4095,4095
4095,4095
4095,4095
4095,4095
4095,4095
4095,4095
4095,4095
4095,4095
4095,4095
4095,4095
4095,4095
4095,4095
4095,4095
4095,4095
4095,4095
4095,4095
4095,4095
4095,4095
4095,4095
4095,4095
4095,4095
4095,4095
4095,4095
4095,4095
4095,4095
4095,4095
4095,4095
4095,4095
4095,4095
4095,4095
4095,4095
4095,4095
4095,4095
4095,4095
4095,4095
4095,4095
4095,4095
4095,4095
4095,4095
4095,4095
4095,4095
4095,4095
4095,4095
4095,4095
4095,4095
4095,4095
4095,4095
4095,4095
4095,4095
4095,4095
4095,4095
4095,4095
4095,4095
4095,4095
4095,4095
4095,4095
4095,4095
4095,4095
4095,4095
4095,4095
4095,4095
4095,4095
4095,4095
4095,4095
4095,4095
4095,4095
4095,4095
4095,4095
4095,4095
4095,4095
4095,4095
4095,4095
4095,4095
4095,4095
4095,4095
4095,4095
4095,4095
4095,4095
4095,4095
4095,4095
4095,4095
4095,4095
4095,4095
4095,4095
4095,4095
4095,4095
4095,4095
4095,4095
4095,4095
4095,4095
4095,4095
4095,4095
4095,4095
4095,4095
4095,4095
4095,4095
4095,4095
4095,4095
4095,4095
4095,4095
4095,4095
4095,4095
4095,4095
4095,4095
4095,4095
4095,4095
4095,4095
4095,4095
4095,4095
4095,4095
4095,4095
4095,4095
4095,4095
4095,4095
4095,4095
4095,4095
4095,4095
4095,4095
4095,4095
4095,4095
4095,4095
4095,4095
4095,4095
4095,4095
4095,4095
4095,4095
4095,4095
4095,4095
4095,4095
4095,4095
4095,4095
4095,4095
4095,4095
4095,4095
4095,4095
4095,4095
4095,4095
4095,4095
4095,4095
4095,4095
4095,4095
4095,4095
4095,4095
4095,4095
4095,4095
4095,4095
4095,4095
4095,4095
4095,4095
4095,4095
4095,4095
4095,4095
4095,4095
4095,4095
4095,4095
4095,4095
4095,4095
4095,4095
4095,4095
4095,4095
4095,4095
4095,4095
4095,4095
4095,4095
4095,4095
4095,4095
4095,4095
4095,4095
4095,4095
4095,4095
4095,4095
4095,4095
4095,4095
4095,4095
4095,4095
4095,4095
4095,4095
4095,4095
4095,4095
4095,4095
4095,4095
4095,4095
4095,4095
4095,4095
4095,4095
4095,4095
4095,4095
4095,4095
4095,4095
4095,4095
4095,4095
4095,4095
4095,4095
4095,4095
4095,4095
4095,4095
4095,4095
4095,4095
4095,4095
4095,4095
4095,4095
4094,4095
4095,4095
4095,4095
4095,4095
4095,4095
4095,4095
4095,4095
4095,4095
4095,4095
4095,4095
4095,4095
4095,4095
4095,4095
4095,4095
4095,4095
4095,4095
4095,4095
4095,4095
4095,4095
4095,4095
4095,4095
4095,4095
4095,4095
4095,4095
4095,4095
4095,4095
4095,4095
4095,4095
4095,4095
4095,4095
4094,4095
4095,4095
4095,4095
4095,4095
4095,4095
4095,4095
4095,4095
4095,4095
4095,4095
4095,4095
4095,4095
4095,4095
4095,4095
4095,4095
4095,4095
4095,4095
4095,4095
4095,4095
4095,4095
4095,4095
4095,4095
4095,4095
4095,4095
4095,4095
4095,4095
4095,4095
4095,4095
4095,4095
4095,4095
4095,4095
4094,4095
4095,4095
4095,4095
4095,4095
4095,4095
4095,4095
4095,4095
4095,4095
4095,4095
4095,4095
4094,4095
4095,4095
4095,4095
4095,4095
4095,4095
4095,4095
4095,4095
4095,4095
4095,4095
4095,4095
4095,4095
4095,4095
4095,4095
4095,4095
4095,4095
4095,4095
4095,4095
4095,4095
4095,4095
4095,4095
4095,4095
4095,4095
4095,4095
4095,4095
4095,4095
4095,4095
4095,4095
4095,4095
4095,4095
4095,4095
4095,4095
4095,4095
4095,4095
4095,4095
4095,4095
4095,4095
4095,4095
4095,4095
4095,4095
4095,4095
4095,4095
4095,4095
4095,4095
4095,4095
4095,4095
4095,4095
4095,4095
4095,4095
4095,4095
4095,4095
4095,4095
4095,4095
4095,4095
4095,4095
4095,4095
4095,4095
4095,4095
4095,4095
4095,4095
4095,4095
4093,4095
4095,4095
4095,4095
4095,4095
4095,4095
4095,4095
4095,4095
4095,4095
4095,4095
4095,4095
4095,4095
4095,4095
4095,4095
4095,4095
4095,4095
4095,4095
4095,4095
4095,4095
4095,4095
4095,4095
4095,4095
4095,4095
4095,4095
4095,4095
4095,4095
4095,4095
4095,4095
4095,4095
4095,4095
4095,4095
4095,4095
4095,4095
4095,4095
4095,4095
4095,4095
4095,4095
4095,4095
4095,4095
4095,4095
4095,4095
4095,4095
4095,4095
4095,4095
4095,4095
4095,4095
4095,4095
4095,4095
4095,4095
4095,4095
4095,4095
4095,4095
4095,4095
4095,4095
4095,4095
4095,4095
4095,4095
4095,4095
4095,4095
4095,4095
4095,4095
4095,4095
4095,4095
4095,4095
4095,4095
4095,4095
4095,4095
4095,4095
4095,4095
4095,4095
4095,4095
4095,4095
4095,4095
4095,4095
4095,4095
4095,4095
4095,4095
4095,4095
4095,4095
4095,4095
4095,4095
4095,4095
4095,4095
4095,4095
4095,4095
4095,4095
4095,4095
4095,4095
4095,4095
4095,4095
4095,4095
4095,4095
4095,4095
4095,4095
4095,4095
4095,4095
4095,4095
4095,4095
4095,4095
4095,4095
4095,4095
4095,4095
4095,4095
4095,4095
4095,4095
4095,4095
4095,4095
4095,4095
4095,4095
4095,4095
4095,4095
4095,4095
4095,4095
4095,4095
4095,4095
4095,4095
4095,4095
4095,4095
4095,4095
4095,4095
4095,4095
4095,4095
4095,4095
4095,4095
4095,4095
4095,4095
4095,4095
4095,4095
4095,4095
4095,4095
4095,4095
4095,4095
4095,4095
4095,4095
4095,4095
4095,4095
4095,4095
4095,4095
4095,4095
4095,4095
4095,4095
4095,4095
4095,4095
4095,4095
4095,4095
4095,4095
4095,4095
4095,4095
4095,4095
4095,4095
4095,4095
4095,4095
4095,4095
4095,4095
4095,4095
4095,4095
4095,4095
4095,4095
4095,4095
4095,4095
4095,4095
4095,4095
4095,4095
4095,4095
4095,4095
4095,4095
4095,4095
4095,4095
4095,4095
4095,4095
4095,4095
4095,4095
4095,4095
4095,4095
4095,4095
4095,4095
4095,4095
4095,4095
4095,4095
4095,4095
4095,4095
4095,4095
4095,4095
4095,4095
4095,4095
4095,4095
4095,4095
4095,4095
4095,4095
4095,4095
4094,4095
4095,4095
4095,4095
4095,4095
4095,4095
4095,4095
4095,4095
4095,4095
4095,4095